[1.02400000e+03 1.02400000e+03 1.60000000e+01 6.61079496e-05
 7.61730000e-03]
[1.024000e+03 1.024000e+03 6.400000e+01 1.206332e-04 7.711100e-03]
[1.02400000e+03 1.02400000e+03 2.56000000e+02 3.32604323e-04
 7.58180000e-03]
[1.02400000e+03 1.02400000e+03 1.02400000e+03 6.29170883e-05
 7.36700000e-03]
[1.02400000e+03 3.27680000e+04 1.60000000e+01 3.98092324e-03
 3.17415700e-01]
[1.02400000e+03 3.27680000e+04 6.40000000e+01 2.27189349e-03
 3.10304700e-01]
[1.02400000e+03 3.27680000e+04 2.56000000e+02 4.21623571e-03
 3.35707100e-01]
[1.02400000e+03 3.27680000e+04 1.02400000e+03 6.50532966e-03
 3.33603900e-01]
[1.02400000e+03 1.04857600e+06 1.60000000e+01 8.60902506e-04
 1.29456715e+01]
[1.02400000e+03 1.04857600e+06 6.40000000e+01 1.12115316e-01
 1.34105660e+01]
[1.02400000e+03 1.04857600e+06 2.56000000e+02 1.52228423e-01
 1.37964015e+01]
[3.27680000e+04 1.02400000e+03 1.60000000e+01 3.26928738e-05
 1.17686000e-02]
[3.2768000e+04 1.0485760e+06 2.5600000e+02 0.0000000e+00 1.4012954e+01]
[1.04857600e+06 1.02400000e+03 1.60000000e+01 2.79788086e-03
 1.63793700e-01]
[1.04857600e+06 1.02400000e+03 6.40000000e+01 1.71843878e-03
 5.71046000e-02]
[1.04857600e+06 1.02400000e+03 2.56000000e+02 2.30620209e-03
 5.87326000e-02]
[1.04857600e+06 1.02400000e+03 1.02400000e+03 2.06172086e-03
 5.85089000e-02]
[1.04857600e+06 1.02400000e+03 4.09600000e+03 4.70257802e-05
 5.69116000e-02]
[1.048576e+06 1.024000e+03 1.048576e+06 0.000000e+00 3.597800e-01]
[1.04857600e+06 3.27680000e+04 6.40000000e+01 2.32498505e-02
 9.03903400e-01]
[1.04857600e+06 3.27680000e+04 2.56000000e+02 1.64144825e-02
 8.78086800e-01]
[1.04857600e+06 3.27680000e+04 1.02400000e+03 2.29834794e-02
 9.69149200e-01]
[1.04857600e+06 3.27680000e+04 4.09600000e+03 2.56278013e-02
 1.04112510e+00]
[1.0485760e+06 1.0485760e+06 6.4000000e+01 0.0000000e+00 2.7533898e+01]