Sequential vs mpi on mean_path_length for fixed
seq_length=1024.0
patterns=1024.0

       16.0      64.0     256.0    1024.0
1  0.006400  0.008042  0.006857  0.000714
2  0.003488  0.004287  0.003655  0.001638
4  0.002436  0.002872  0.002478  0.000878
8  0.002180  0.002440  0.002189  0.001420
------------------------------------------------------------------------
Sequential vs mpi on mean_path_length for fixed
seq_length=1024.0
patterns=32768.0

       16.0      64.0     256.0    1024.0
1  0.201449  0.258468  0.219794  0.026042
2  0.102690  0.132381  0.113307  0.025762
4  0.054138  0.068806  0.057803  0.017431
8  0.033824  0.043269  0.036728  0.017939
------------------------------------------------------------------------
Sequential vs mpi on mean_path_length for fixed
seq_length=1024.0
patterns=1048576.0

       16.0      64.0     256.0    1024.0
1  6.515546  8.205689  7.024149  1.047052
2  3.324451  4.194673  3.565194  0.642421
4  1.731678  2.133115  1.910877  0.376067
8  1.018823  1.179774  1.072713  0.327810
------------------------------------------------------------------------
Sequential vs mpi on mean_path_length for fixed
seq_length=32768.0
patterns=1024.0

       16.0      64.0     256.0    1024.0    4096.0
1  0.186606  0.264647  0.257995  0.257708  0.243558
2  0.096676  0.133277  0.132049  0.131805  0.122211
4  0.050884  0.070345  0.067735  0.069791  0.063362
8  0.031374  0.042731  0.041611  0.040371  0.035832
------------------------------------------------------------------------
Sequential vs mpi on mean_path_length for fixed
seq_length=32768.0
patterns=32768.0

       16.0      64.0     256.0    1024.0    4096.0
1  6.043023  8.437432  8.428306  8.231990  7.704879
2  3.026952  4.223460  4.210162  4.139627  3.862701
4  1.551235  2.127106  2.120148  2.088907  1.958630
8  0.805889  1.124925  1.137638  1.103850  1.014356
------------------------------------------------------------------------
Sequential vs mpi on mean_path_length for fixed
seq_length=32768.0
patterns=1048576.0

        64.0      256.0     1024.0
1        NaN        NaN        NaN
4  67.775663  67.399830  66.055299
8  37.091627  36.093421  36.661818
------------------------------------------------------------------------
Sequential vs mpi on mean_path_length for fixed
seq_length=1048576.0
patterns=1024.0

       16.0      64.0     256.0    1024.0    4096.0  1048576.0
1  5.496112  8.490912  8.409007  8.432155  8.384778   0.982304
2  2.811916  4.238287  4.233634  4.257443  4.210807   0.470392
4  1.473659  2.208215  2.229300  2.229405  2.206430   0.282359
8  0.848877  1.196970  1.250283  1.196103  1.177307   0.234831
------------------------------------------------------------------------
Sequential vs mpi on mean_path_length for fixed
seq_length=1048576.0
patterns=32768.0

        64.0      256.0     1024.0     4096.0
1        NaN        NaN        NaN        NaN
4  67.411325  66.890754  66.940127  66.874383
8  37.608974  38.567812  40.245472  39.823643
------------------------------------------------------------------------
