[2.00000000e+00 1.02400000e+03 1.02400000e+03 1.60000000e+01
 3.47466257e-05 3.60060000e-03]
[2.00000000e+00 1.02400000e+03 1.02400000e+03 6.40000000e+01
 9.06842019e-04 5.34360000e-03]
[2.00000000e+00 1.02400000e+03 1.02400000e+03 2.56000000e+02
 3.39227357e-05 3.81080000e-03]
[2.0000000e+00 1.0240000e+03 1.0240000e+03 1.0240000e+03 4.5307836e-06
 8.1740000e-04]
[2.00000000e+00 1.02400000e+03 3.27680000e+04 1.60000000e+01
 2.21440484e-04 1.01578400e-01]
[2.00000000e+00 1.02400000e+03 3.27680000e+04 6.40000000e+01
 3.34148302e-04 1.27419400e-01]
[2.00000000e+00 1.02400000e+03 3.27680000e+04 2.56000000e+02
 5.34943735e-05 1.07659600e-01]
[2.00000000e+00 1.02400000e+03 3.27680000e+04 1.02400000e+03
 2.54524336e-03 2.33540000e-02]
[2.00000000e+00 1.02400000e+03 1.04857600e+06 1.60000000e+01
 1.63193592e-02 3.29056540e+00]
[2.00000000e+00 1.02400000e+03 1.04857600e+06 6.40000000e+01
 1.22259626e-02 4.08175080e+00]
[2.00000000e+00 1.02400000e+03 1.04857600e+06 2.56000000e+02
 1.41060664e-02 3.50569880e+00]
[2.00000000e+00 1.02400000e+03 1.04857600e+06 1.02400000e+03
 1.86784106e-02 6.36353600e-01]
[2.00000000e+00 3.27680000e+04 1.02400000e+03 1.60000000e+01
 1.38128519e-03 9.73664000e-02]
[2.00000000e+00 3.27680000e+04 1.02400000e+03 6.40000000e+01
 8.45912639e-04 1.32086200e-01]
[2.00000000e+00 3.27680000e+04 1.02400000e+03 2.56000000e+02
 6.65392011e-04 1.29770600e-01]
[2.00000000e+00 3.27680000e+04 1.02400000e+03 1.02400000e+03
 5.81010251e-04 1.31008200e-01]
[2.00000000e+00 3.27680000e+04 1.02400000e+03 4.09600000e+03
 1.27547178e-03 1.21763200e-01]
[2.00000000e+00 3.27680000e+04 3.27680000e+04 1.60000000e+01
 2.50344999e-02 2.99841340e+00]
[2.00000000e+00 3.27680000e+04 3.27680000e+04 6.40000000e+01
 2.21160165e-02 4.16853480e+00]
[2.00000000e+00 3.27680000e+04 3.27680000e+04 2.56000000e+02
 2.69199899e-02 4.14120100e+00]
[2.00000000e+00 3.27680000e+04 3.27680000e+04 1.02400000e+03
 3.32724113e-02 4.12008500e+00]
[2.00000000e+00 3.27680000e+04 3.27680000e+04 4.09600000e+03
 8.42352012e-03 3.80336080e+00]
[2.00000000e+00 1.04857600e+06 1.02400000e+03 1.60000000e+01
 4.00199168e-03 2.77367340e+00]
[2.00000000e+00 1.04857600e+06 1.02400000e+03 6.40000000e+01
 7.21943122e-03 4.18298940e+00]
[2.00000000e+00 1.04857600e+06 1.02400000e+03 2.56000000e+02
 1.34901679e-02 4.17855520e+00]
[2.00000000e+00 1.04857600e+06 1.02400000e+03 1.02400000e+03
 2.87866128e-02 4.20491800e+00]
[2.00000000e+00 1.04857600e+06 1.02400000e+03 4.09600000e+03
 3.13272157e-02 4.18507980e+00]
[2.00000000e+00 1.04857600e+06 1.02400000e+03 1.04857600e+06
 2.02631389e-02 4.93847200e-01]
[4.00000000e+00 1.04857600e+06 1.02400000e+03 1.60000000e+01
 6.09053295e-02 1.58640220e+00]
[4.00000000e+00 1.04857600e+06 1.02400000e+03 2.56000000e+02
 5.71213391e-02 2.29855300e+00]
[4.00000000e+00 1.04857600e+06 1.02400000e+03 1.02400000e+03
 2.41235577e-03 2.13090820e+00]
[4.00000000e+00 1.04857600e+06 1.02400000e+03 4.09600000e+03
 2.09298739e-03 2.13342560e+00]
[4.00000000e+00 1.04857600e+06 1.02400000e+03 1.04857600e+06
 8.36354957e-03 2.95611200e-01]
[4.00000000e+00 1.04857600e+06 3.27680000e+04 6.40000000e+01
 1.18827102e-01 6.57990556e+01]
[4.0000000e+00 1.0485760e+06 3.2768000e+04 2.5600000e+02 1.3997529e-01
 6.5947271e+01]
[4.00000000e+00 1.04857600e+06 3.27680000e+04 1.02400000e+03
 2.12193873e-01 6.58579070e+01]
[4.00000000e+00 1.04857600e+06 3.27680000e+04 4.09600000e+03
 1.90946625e-01 6.57340232e+01]
[8.00000000e+00 1.02400000e+03 1.02400000e+03 1.60000000e+01
 1.66661333e-05 1.73100000e-03]
[8.00000000e+00 1.02400000e+03 1.02400000e+03 6.40000000e+01
 1.33847675e-05 1.94720000e-03]
[8.00000000e+00 1.02400000e+03 1.02400000e+03 2.56000000e+02
 9.31493425e-06 1.78140000e-03]
[8.00000000e+00 1.02400000e+03 1.02400000e+03 1.02400000e+03
 9.41912947e-06 1.08000000e-03]
[8.00000000e+00 1.02400000e+03 3.27680000e+04 1.60000000e+01
 5.71892298e-05 2.69804000e-02]
[8.00000000e+00 1.02400000e+03 3.27680000e+04 6.40000000e+01
 2.82487149e-03 4.06366000e-02]
[8.00000000e+00 1.02400000e+03 3.27680000e+04 2.56000000e+02
 5.86238177e-05 2.84742000e-02]
[8.00000000e+00 1.02400000e+03 3.27680000e+04 1.02400000e+03
 1.05517798e-03 1.10790000e-02]
[8.00000000e+00 1.02400000e+03 1.04857600e+06 1.60000000e+01
 7.79845765e-03 8.47563400e-01]
[8.00000000e+00 1.02400000e+03 1.04857600e+06 6.40000000e+01
 3.79297329e-03 1.03440640e+00]
[8.00000000e+00 1.02400000e+03 1.04857600e+06 2.56000000e+02
 2.28731004e-03 8.94710200e-01]
[8.00000000e+00 1.02400000e+03 1.04857600e+06 1.02400000e+03
 3.32183053e-02 2.10698200e-01]
[8.00000000e+00 3.27680000e+04 1.02400000e+03 1.60000000e+01
 1.77981707e-04 2.95204000e-02]
[8.00000000e+00 3.27680000e+04 1.02400000e+03 6.40000000e+01
 1.53777753e-03 4.15194000e-02]
[8.00000000e+00 3.27680000e+04 1.02400000e+03 2.56000000e+02
 1.67349774e-03 4.09778000e-02]
[8.00000000e+00 3.27680000e+04 1.02400000e+03 1.02400000e+03
 1.48131975e-03 3.96796000e-02]
[8.00000000e+00 3.27680000e+04 1.02400000e+03 4.09600000e+03
 1.28653318e-03 3.78918000e-02]
[8.00000000e+00 3.27680000e+04 3.27680000e+04 1.60000000e+01
 4.06260498e-03 7.64868600e-01]
[8.00000000e+00 3.27680000e+04 3.27680000e+04 6.40000000e+01
 1.99292863e-02 1.08067800e+00]
[8.00000000e+00 3.27680000e+04 3.27680000e+04 2.56000000e+02
 3.75463986e-03 1.04544740e+00]
[8.00000000e+00 3.27680000e+04 3.27680000e+04 1.02400000e+03
 1.74538703e-03 1.02596960e+00]
[8.00000000e+00 3.27680000e+04 3.27680000e+04 4.09600000e+03
 4.71818439e-03 9.69036200e-01]
[8.00000000e+00 3.27680000e+04 1.04857600e+06 6.40000000e+01
 1.16382302e-01 3.34493482e+01]
[8.00000000e+00 3.27680000e+04 1.04857600e+06 2.56000000e+02
 6.82048029e-02 3.30620880e+01]
[8.00000000e+00 3.27680000e+04 1.04857600e+06 1.02400000e+03
 5.42308727e-02 3.30620354e+01]
[8.0000000e+00 1.0485760e+06 1.0240000e+03 1.6000000e+01 6.1624297e-03
 7.7867100e-01]
[8.00000000e+00 1.04857600e+06 1.02400000e+03 6.40000000e+01
 2.97512497e-03 1.12329000e+00]
[8.00000000e+00 1.04857600e+06 1.02400000e+03 2.56000000e+02
 5.02477812e-03 1.11836900e+00]
[8.00000000e+00 1.04857600e+06 1.02400000e+03 1.02400000e+03
 1.18277242e-02 1.12251980e+00]
[8.00000000e+00 1.04857600e+06 1.02400000e+03 4.09600000e+03
 4.96808458e-03 1.11382220e+00]
[8.00000000e+00 1.04857600e+06 1.02400000e+03 1.04857600e+06
 6.30250374e-03 1.88819800e-01]
[8.00000000e+00 1.04857600e+06 3.27680000e+04 6.40000000e+01
 5.67053662e-02 3.29477568e+01]
[8.00000000e+00 1.04857600e+06 3.27680000e+04 2.56000000e+02
 2.55428090e-01 3.35125516e+01]
[8.00000000e+00 1.04857600e+06 3.27680000e+04 1.02400000e+03
 9.17008547e-02 3.31689280e+01]
[8.00000000e+00 1.04857600e+06 3.27680000e+04 4.09600000e+03
 8.69287123e-02 3.31137218e+01]