These times are arranged in the following fashion:
Number of processes | seq_length | Number of patterns | mean_pat_length | STD | Mean time on 5 measurements

array([[2.00000000e+00, 1.02400000e+03, 1.02400000e+03, 1.60000000e+01,
        2.67246703e-05, 3.49260000e-03],
       [2.00000000e+00, 1.02400000e+03, 1.02400000e+03, 6.40000000e+01,
        6.42853638e-05, 4.32840000e-03],
       [2.00000000e+00, 1.02400000e+03, 1.02400000e+03, 2.56000000e+02,
        1.98884891e-05, 3.64820000e-03],
       [2.00000000e+00, 1.02400000e+03, 1.02400000e+03, 1.02400000e+03,
        1.59564407e-05, 6.71600000e-04],
       [2.00000000e+00, 1.02400000e+03, 3.27680000e+04, 1.60000000e+01,
        2.12834396e-04, 1.02351000e-01],
       [2.00000000e+00, 1.02400000e+03, 3.27680000e+04, 6.40000000e+01,
        1.16717355e-02, 1.41854800e-01],
       [2.00000000e+00, 1.02400000e+03, 3.27680000e+04, 2.56000000e+02,
        2.28819335e-04, 1.08794600e-01],
       [2.00000000e+00, 1.02400000e+03, 3.27680000e+04, 1.02400000e+03,
        5.04186734e-03, 3.04824000e-02],
       [2.00000000e+00, 1.02400000e+03, 1.04857600e+06, 1.60000000e+01,
        2.10527818e-01, 3.54864060e+00],
       [2.00000000e+00, 1.02400000e+03, 1.04857600e+06, 6.40000000e+01,
        3.20904151e-01, 4.49146040e+00],
       [2.00000000e+00, 1.02400000e+03, 1.04857600e+06, 2.56000000e+02,
        2.44527337e-02, 3.57566500e+00],
       [2.00000000e+00, 1.02400000e+03, 1.04857600e+06, 1.02400000e+03,
        1.21307263e-02, 6.26168000e-01],
       [2.00000000e+00, 3.27680000e+04, 1.02400000e+03, 1.60000000e+01,
        7.35167861e-03, 1.05361500e-01],
       [2.00000000e+00, 3.27680000e+04, 1.02400000e+03, 6.40000000e+01,
        1.02890196e-02, 1.45822800e-01],
       [2.00000000e+00, 3.27680000e+04, 1.02400000e+03, 2.56000000e+02,
        2.79942365e-04, 1.30964400e-01],
       [2.00000000e+00, 3.27680000e+04, 1.02400000e+03, 1.02400000e+03,
        1.11824505e-04, 1.32212000e-01],
       [2.00000000e+00, 3.27680000e+04, 1.02400000e+03, 4.09600000e+03,
        2.31070483e-04, 1.22110400e-01],
       [2.00000000e+00, 3.27680000e+04, 3.27680000e+04, 1.60000000e+01,
        1.20960535e-02, 3.05091380e+00],
       [2.00000000e+00, 3.27680000e+04, 3.27680000e+04, 6.40000000e+01,
        1.11676671e-02, 4.22855020e+00],
       [2.00000000e+00, 3.27680000e+04, 3.27680000e+04, 2.56000000e+02,
        2.21116420e-02, 4.20523600e+00],
       [2.00000000e+00, 3.27680000e+04, 3.27680000e+04, 1.02400000e+03,
        2.35001835e-02, 4.15187320e+00],
       [2.00000000e+00, 3.27680000e+04, 3.27680000e+04, 4.09600000e+03,
        3.50809777e-02, 3.91412640e+00],
       [2.00000000e+00, 1.04857600e+06, 1.02400000e+03, 1.60000000e+01,
        9.43385152e-03, 2.82885090e+00],
       [2.00000000e+00, 1.04857600e+06, 1.02400000e+03, 6.40000000e+01,
        1.89171587e-02, 4.27082240e+00],
       [2.00000000e+00, 1.04857600e+06, 1.02400000e+03, 2.56000000e+02,
        1.49652922e-02, 4.25351880e+00],
       [2.00000000e+00, 1.04857600e+06, 1.02400000e+03, 1.02400000e+03,
        1.81793334e-02, 4.26301760e+00],
       [2.00000000e+00, 1.04857600e+06, 1.02400000e+03, 4.09600000e+03,
        2.94377794e-02, 4.25018800e+00],
       [2.00000000e+00, 1.04857600e+06, 1.02400000e+03, 1.04857600e+06,
        9.38212642e-03, 4.77762400e-01],
       [4.00000000e+00, 1.02400000e+03, 1.02400000e+03, 1.60000000e+01,
        4.90751261e-05, 2.08940000e-03],
       [4.00000000e+00, 1.02400000e+03, 1.02400000e+03, 6.40000000e+01,
        4.14645873e-05, 2.49220000e-03],
       [4.00000000e+00, 1.02400000e+03, 1.02400000e+03, 2.56000000e+02,
        1.54288042e-05, 2.13560000e-03],
       [4.00000000e+00, 1.02400000e+03, 1.02400000e+03, 1.02400000e+03,
        2.05726031e-05, 6.85800000e-04],
       [4.00000000e+00, 1.02400000e+03, 3.27680000e+04, 1.60000000e+01,
        5.62411280e-04, 5.18596000e-02],
       [4.00000000e+00, 1.02400000e+03, 3.27680000e+04, 6.40000000e+01,
        1.78907955e-03, 6.63768000e-02],
       [4.00000000e+00, 1.02400000e+03, 3.27680000e+04, 2.56000000e+02,
        8.35696596e-05, 5.48284000e-02],
       [4.00000000e+00, 1.02400000e+03, 3.27680000e+04, 1.02400000e+03,
        2.25872935e-03, 1.41826000e-02],
       [4.00000000e+00, 1.02400000e+03, 1.04857600e+06, 1.60000000e+01,
        7.53500222e-03, 1.65382660e+00],
       [4.00000000e+00, 1.02400000e+03, 1.04857600e+06, 6.40000000e+01,
        2.36952717e-02, 2.08276480e+00],
       [4.00000000e+00, 1.02400000e+03, 1.04857600e+06, 2.56000000e+02,
        5.28173075e-03, 1.78563620e+00],
       [4.00000000e+00, 1.02400000e+03, 1.04857600e+06, 1.02400000e+03,
        1.22746239e-02, 3.57503800e-01],
       [4.00000000e+00, 3.27680000e+04, 1.02400000e+03, 1.60000000e+01,
        2.93367401e-04, 5.13138000e-02],
       [4.00000000e+00, 3.27680000e+04, 1.02400000e+03, 6.40000000e+01,
        5.28447280e-04, 6.96084000e-02],
       [4.00000000e+00, 3.27680000e+04, 1.02400000e+03, 2.56000000e+02,
        3.23083685e-03, 7.45252000e-02],
       [4.00000000e+00, 3.27680000e+04, 1.02400000e+03, 1.02400000e+03,
        2.27647087e-03, 7.03260000e-02],
       [4.00000000e+00, 3.27680000e+04, 1.02400000e+03, 4.09600000e+03,
        1.29979864e-03, 6.40842000e-02],
       [4.00000000e+00, 3.27680000e+04, 3.27680000e+04, 1.60000000e+01,
        7.14079370e-03, 1.51055000e+00],
       [4.00000000e+00, 3.27680000e+04, 3.27680000e+04, 6.40000000e+01,
        1.46788194e-02, 2.10921280e+00],
       [4.00000000e+00, 3.27680000e+04, 3.27680000e+04, 2.56000000e+02,
        2.99265839e-02, 2.12841360e+00],
       [4.00000000e+00, 3.27680000e+04, 3.27680000e+04, 1.02400000e+03,
        8.67861091e-03, 2.07476180e+00],
       [4.00000000e+00, 3.27680000e+04, 3.27680000e+04, 4.09600000e+03,
        1.09030385e-02, 1.92146800e+00],
       [4.00000000e+00, 3.27680000e+04, 1.04857600e+06, 6.40000000e+01,
        2.32377239e-01, 6.67884220e+01],
       [4.00000000e+00, 3.27680000e+04, 1.04857600e+06, 2.56000000e+02,
        1.46952241e-01, 6.63020154e+01],
       [4.00000000e+00, 3.27680000e+04, 1.04857600e+06, 1.02400000e+03,
        2.55505839e-01, 6.54716255e+01],
       [4.00000000e+00, 1.04857600e+06, 1.02400000e+03, 1.60000000e+01,
        6.61620190e-03, 1.45942930e+00],
       [4.00000000e+00, 1.04857600e+06, 1.02400000e+03, 6.40000000e+01,
        1.02544513e-03, 2.12860580e+00],
       [4.00000000e+00, 1.04857600e+06, 1.02400000e+03, 2.56000000e+02,
        1.20382484e-02, 2.15507500e+00],
       [4.00000000e+00, 1.04857600e+06, 1.02400000e+03, 1.02400000e+03,
        5.72504064e-03, 2.11819020e+00],
       [4.00000000e+00, 1.04857600e+06, 1.02400000e+03, 4.09600000e+03,
        9.11637884e-04, 2.12054420e+00],
       [4.00000000e+00, 1.04857600e+06, 1.02400000e+03, 1.04857600e+06,
        2.78048582e-02, 3.01302400e-01],
       [4.00000000e+00, 1.04857600e+06, 3.27680000e+04, 6.40000000e+01,
        8.04516740e-02, 6.57539036e+01],
       [4.00000000e+00, 1.04857600e+06, 3.27680000e+04, 2.56000000e+02,
        1.11957679e-01, 6.59839392e+01],
       [4.00000000e+00, 1.04857600e+06, 3.27680000e+04, 1.02400000e+03,
        2.98635462e-01, 6.61812098e+01],
       [4.00000000e+00, 1.04857600e+06, 3.27680000e+04, 4.09600000e+03,
        2.46485330e-01, 6.60657814e+01],
       [8.00000000e+00, 1.02400000e+03, 1.02400000e+03, 1.60000000e+01,
        1.95562778e-05, 1.41160000e-03],
       [8.00000000e+00, 1.02400000e+03, 1.02400000e+03, 6.40000000e+01,
        7.14498985e-05, 1.71040000e-03],
       [8.00000000e+00, 1.02400000e+03, 1.02400000e+03, 2.56000000e+02,
        4.60959000e-05, 1.51980000e-03],
       [8.00000000e+00, 1.02400000e+03, 1.02400000e+03, 1.02400000e+03,
        3.73324524e-05, 7.19200000e-04],
       [8.00000000e+00, 1.02400000e+03, 3.27680000e+04, 1.60000000e+01,
        4.70959871e-05, 2.66908000e-02],
       [8.00000000e+00, 1.02400000e+03, 3.27680000e+04, 6.40000000e+01,
        5.34692435e-05, 3.31020000e-02],
       [8.00000000e+00, 1.02400000e+03, 3.27680000e+04, 2.56000000e+02,
        1.05131308e-04, 2.84262000e-02],
       [8.00000000e+00, 1.02400000e+03, 3.27680000e+04, 1.02400000e+03,
        1.08852023e-03, 8.94540000e-03],
       [8.00000000e+00, 1.02400000e+03, 1.04857600e+06, 1.60000000e+01,
        6.74986462e-03, 8.53110600e-01],
       [8.00000000e+00, 1.02400000e+03, 1.04857600e+06, 6.40000000e+01,
        2.30343755e-03, 1.03134600e+00],
       [8.00000000e+00, 1.02400000e+03, 1.04857600e+06, 2.56000000e+02,
        6.61283758e-03, 9.06158600e-01],
       [8.00000000e+00, 1.02400000e+03, 1.04857600e+06, 1.02400000e+03,
        9.97889206e-03, 2.09480200e-01],
       [8.00000000e+00, 3.27680000e+04, 1.02400000e+03, 1.60000000e+01,
        4.89893017e-04, 2.85246000e-02],
       [8.00000000e+00, 3.27680000e+04, 1.02400000e+03, 6.40000000e+01,
        5.15809686e-04, 3.78032000e-02],
       [8.00000000e+00, 3.27680000e+04, 1.02400000e+03, 2.56000000e+02,
        3.40177765e-04, 3.72312000e-02],
       [8.00000000e+00, 3.27680000e+04, 1.02400000e+03, 1.02400000e+03,
        9.61113421e-04, 3.79076000e-02],
       [8.00000000e+00, 3.27680000e+04, 1.02400000e+03, 4.09600000e+03,
        1.32197895e-03, 3.54812000e-02],
       [8.00000000e+00, 3.27680000e+04, 3.27680000e+04, 1.60000000e+01,
        1.67154978e-02, 7.82481600e-01],
       [8.00000000e+00, 3.27680000e+04, 3.27680000e+04, 6.40000000e+01,
        1.99570467e-02, 1.07900640e+00],
       [8.00000000e+00, 3.27680000e+04, 3.27680000e+04, 2.56000000e+02,
        1.99662497e-02, 1.07299640e+00],
       [8.00000000e+00, 3.27680000e+04, 3.27680000e+04, 1.02400000e+03,
        1.04998753e-02, 1.04050740e+00],
       [8.00000000e+00, 3.27680000e+04, 3.27680000e+04, 4.09600000e+03,
        1.70293024e-02, 9.82097000e-01],
       [8.00000000e+00, 3.27680000e+04, 1.04857600e+06, 6.40000000e+01,
        4.60833441e-01, 3.41406400e+01],
       [8.00000000e+00, 3.27680000e+04, 1.04857600e+06, 2.56000000e+02,
        3.35136140e-01, 3.37079734e+01],
       [8.00000000e+00, 3.27680000e+04, 1.04857600e+06, 1.02400000e+03,
        3.16420810e-01, 3.34458016e+01],
       [8.00000000e+00, 1.04857600e+06, 1.02400000e+03, 1.60000000e+01,
        1.27141114e-02, 7.83503333e-01],
       [8.00000000e+00, 1.04857600e+06, 1.02400000e+03, 6.40000000e+01,
        8.62730973e-03, 1.13442140e+00],
       [8.00000000e+00, 1.04857600e+06, 1.02400000e+03, 2.56000000e+02,
        2.86568760e-02, 1.14181280e+00],
       [8.00000000e+00, 1.04857600e+06, 1.02400000e+03, 1.02400000e+03,
        2.52279130e-02, 1.14692180e+00],
       [8.00000000e+00, 1.04857600e+06, 1.02400000e+03, 4.09600000e+03,
        1.59447957e-02, 1.12750400e+00],
       [8.00000000e+00, 1.04857600e+06, 1.02400000e+03, 1.04857600e+06,
        8.72347059e-04, 2.02484200e-01],
       [8.00000000e+00, 1.04857600e+06, 3.27680000e+04, 6.40000000e+01,
        6.39051465e-02, 3.29688202e+01],
       [8.00000000e+00, 1.04857600e+06, 3.27680000e+04, 2.56000000e+02,
        9.35582083e-02, 3.31773350e+01],
       [8.00000000e+00, 1.04857600e+06, 3.27680000e+04, 1.02400000e+03,
        1.24691847e-01, 3.31297972e+01],
       [8.00000000e+00, 1.04857600e+06, 3.27680000e+04, 4.09600000e+03,
        5.53661623e-02, 3.29987428e+01],
       [8.00000000e+00, 1.04857600e+06, 1.04857600e+06, 1.02400000e+03,
        0.00000000e+00, 1.07379155e+03]])