These times are arranged in the following fashion:
Number of threads | seq_length | Number of patterns | mean_pat_length | STD | Mean time on 10 measurements

array([[2.00000000e+00, 1.02400000e+03, 1.02400000e+03, 1.60000000e+01,
        9.05553091e-05, 3.60660000e-03],
       [2.00000000e+00, 1.02400000e+03, 1.02400000e+03, 6.40000000e+01,
        2.10025677e-04, 4.97150000e-03],
       [2.00000000e+00, 1.02400000e+03, 1.02400000e+03, 2.56000000e+02,
        1.19600669e-04, 3.76500000e-03],
       [2.00000000e+00, 1.02400000e+03, 1.02400000e+03, 1.02400000e+03,
        1.25843220e-04, 1.06520000e-03],
       [2.00000000e+00, 1.02400000e+03, 3.27680000e+04, 1.60000000e+01,
        2.80685978e-03, 1.02578900e-01],
       [2.00000000e+00, 1.02400000e+03, 3.27680000e+04, 6.40000000e+01,
        2.32477677e-03, 1.26442700e-01],
       [2.00000000e+00, 1.02400000e+03, 3.27680000e+04, 2.56000000e+02,
        1.81485614e-03, 1.07496200e-01],
       [2.00000000e+00, 1.02400000e+03, 3.27680000e+04, 1.02400000e+03,
        8.12201261e-04, 1.69911000e-02],
       [2.00000000e+00, 1.02400000e+03, 1.04857600e+06, 1.60000000e+01,
        5.05761570e-02, 3.39296670e+00],
       [2.00000000e+00, 1.02400000e+03, 1.04857600e+06, 6.40000000e+01,
        3.79359651e-02, 4.16391800e+00],
       [2.00000000e+00, 1.02400000e+03, 1.04857600e+06, 2.56000000e+02,
        3.46977794e-02, 3.79534280e+00],
       [2.00000000e+00, 1.02400000e+03, 1.04857600e+06, 1.02400000e+03,
        2.02369354e-01, 9.87293200e-01],
       [2.00000000e+00, 3.27680000e+04, 1.02400000e+03, 1.60000000e+01,
        1.43352517e-04, 9.58186000e-02],
       [2.00000000e+00, 3.27680000e+04, 1.02400000e+03, 6.40000000e+01,
        2.49355803e-03, 1.35319500e-01],
       [2.00000000e+00, 3.27680000e+04, 1.02400000e+03, 2.56000000e+02,
        3.19552290e-03, 1.33529200e-01],
       [2.00000000e+00, 3.27680000e+04, 1.02400000e+03, 1.02400000e+03,
        1.99376807e-03, 1.32155400e-01],
       [2.00000000e+00, 3.27680000e+04, 1.02400000e+03, 4.09600000e+03,
        3.34026975e-03, 1.25420900e-01],
       [2.00000000e+00, 3.27680000e+04, 3.27680000e+04, 1.60000000e+01,
        1.24275079e-02, 3.10420050e+00],
       [2.00000000e+00, 3.27680000e+04, 3.27680000e+04, 6.40000000e+01,
        4.28621813e-02, 4.22252430e+00],
       [2.00000000e+00, 3.27680000e+04, 3.27680000e+04, 2.56000000e+02,
        3.78497650e-02, 4.18865700e+00],
       [2.00000000e+00, 3.27680000e+04, 3.27680000e+04, 1.02400000e+03,
        2.35613645e-02, 4.15835860e+00],
       [2.00000000e+00, 3.27680000e+04, 3.27680000e+04, 4.09600000e+03,
        1.14750253e-02, 4.01207180e+00],
       [2.00000000e+00, 1.04857600e+06, 1.02400000e+03, 1.60000000e+01,
        1.67420846e-02, 2.85099510e+00],
       [2.00000000e+00, 1.04857600e+06, 1.02400000e+03, 6.40000000e+01,
        4.93278605e-02, 4.28666010e+00],
       [2.00000000e+00, 1.04857600e+06, 1.02400000e+03, 2.56000000e+02,
        2.59472413e-02, 4.23155760e+00],
       [2.00000000e+00, 1.04857600e+06, 1.02400000e+03, 1.02400000e+03,
        2.79823661e-02, 4.22924610e+00],
       [2.00000000e+00, 1.04857600e+06, 1.02400000e+03, 4.09600000e+03,
        2.83684976e-02, 4.20005010e+00],
       [2.00000000e+00, 1.04857600e+06, 1.02400000e+03, 1.04857600e+06,
        1.69940754e-01, 8.40465100e-01],
       [4.00000000e+00, 1.02400000e+03, 1.02400000e+03, 1.60000000e+01,
        2.79531680e-04, 2.67900000e-03],
       [4.00000000e+00, 1.02400000e+03, 1.02400000e+03, 6.40000000e+01,
        3.82576801e-04, 3.01310000e-03],
       [4.00000000e+00, 1.02400000e+03, 1.02400000e+03, 2.56000000e+02,
        7.49262037e-05, 2.14020000e-03],
       [4.00000000e+00, 1.02400000e+03, 1.02400000e+03, 1.02400000e+03,
        1.55636053e-04, 1.04930000e-03],
       [4.00000000e+00, 1.02400000e+03, 3.27680000e+04, 1.60000000e+01,
        1.59707797e-03, 5.46822000e-02],
       [4.00000000e+00, 1.02400000e+03, 3.27680000e+04, 6.40000000e+01,
        2.24720677e-03, 6.81129000e-02],
       [4.00000000e+00, 1.02400000e+03, 3.27680000e+04, 2.56000000e+02,
        2.14110043e-03, 5.91630000e-02],
       [4.00000000e+00, 1.02400000e+03, 3.27680000e+04, 1.02400000e+03,
        5.94111087e-04, 1.32726000e-02],
       [4.00000000e+00, 1.02400000e+03, 1.04857600e+06, 1.60000000e+01,
        2.59341699e-02, 1.70910120e+00],
       [4.00000000e+00, 1.02400000e+03, 1.04857600e+06, 6.40000000e+01,
        1.79033930e-02, 2.08943850e+00],
       [4.00000000e+00, 1.02400000e+03, 1.04857600e+06, 2.56000000e+02,
        7.23377787e-02, 1.92753980e+00],
       [4.00000000e+00, 1.02400000e+03, 1.04857600e+06, 1.02400000e+03,
        1.53369038e-01, 9.14713100e-01],
       [4.00000000e+00, 3.27680000e+04, 1.02400000e+03, 1.60000000e+01,
        1.75121533e-03, 5.30425000e-02],
       [4.00000000e+00, 3.27680000e+04, 1.02400000e+03, 6.40000000e+01,
        1.84942920e-03, 7.05780000e-02],
       [4.00000000e+00, 3.27680000e+04, 1.02400000e+03, 2.56000000e+02,
        2.02241741e-03, 7.01078000e-02],
       [4.00000000e+00, 3.27680000e+04, 1.02400000e+03, 1.02400000e+03,
        3.13973718e-03, 7.41892000e-02],
       [4.00000000e+00, 3.27680000e+04, 1.02400000e+03, 4.09600000e+03,
        2.26476715e-03, 6.75465000e-02],
       [4.00000000e+00, 3.27680000e+04, 3.27680000e+04, 1.60000000e+01,
        2.00372871e-02, 1.57071530e+00],
       [4.00000000e+00, 3.27680000e+04, 3.27680000e+04, 6.40000000e+01,
        2.52037090e-02, 2.09954710e+00],
       [4.00000000e+00, 3.27680000e+04, 3.27680000e+04, 2.56000000e+02,
        2.83043324e-02, 2.10284940e+00],
       [4.00000000e+00, 3.27680000e+04, 3.27680000e+04, 1.02400000e+03,
        2.09925729e-02, 2.06492960e+00],
       [4.00000000e+00, 3.27680000e+04, 3.27680000e+04, 4.09600000e+03,
        3.85617985e-02, 2.03939070e+00],
       [4.00000000e+00, 3.27680000e+04, 1.04857600e+06, 6.40000000e+01,
        2.65043405e-01, 6.54302548e+01],
       [4.00000000e+00, 3.27680000e+04, 1.04857600e+06, 2.56000000e+02,
        4.06303622e-01, 6.53826221e+01],
       [4.00000000e+00, 1.04857600e+06, 1.02400000e+03, 1.60000000e+01,
        1.89024009e-02, 1.47454720e+00],
       [4.00000000e+00, 1.04857600e+06, 1.02400000e+03, 6.40000000e+01,
        2.12270645e-02, 2.10107920e+00],
       [4.00000000e+00, 1.04857600e+06, 1.02400000e+03, 2.56000000e+02,
        2.89595171e-02, 2.10532870e+00],
       [4.00000000e+00, 1.04857600e+06, 1.02400000e+03, 1.02400000e+03,
        2.97877824e-02, 2.10011810e+00],
       [4.00000000e+00, 1.04857600e+06, 1.02400000e+03, 4.09600000e+03,
        3.09737247e-02, 2.11925180e+00],
       [4.00000000e+00, 1.04857600e+06, 1.02400000e+03, 1.04857600e+06,
        1.10746192e-01, 8.28088800e-01],
       [4.00000000e+00, 1.04857600e+06, 3.27680000e+04, 6.40000000e+01,
        6.37028537e-02, 6.38667344e+01],
       [4.00000000e+00, 1.04857600e+06, 3.27680000e+04, 2.56000000e+02,
        3.96782009e-01, 6.45073519e+01],
       [4.00000000e+00, 1.04857600e+06, 3.27680000e+04, 1.02400000e+03,
        3.72428184e-01, 6.45512098e+01],
       [4.00000000e+00, 1.04857600e+06, 3.27680000e+04, 4.09600000e+03,
        3.39214253e-01, 6.45625342e+01],
       [8.00000000e+00, 1.02400000e+03, 1.02400000e+03, 1.60000000e+01,
        2.10889734e-04, 2.13100000e-03],
       [8.00000000e+00, 1.02400000e+03, 1.02400000e+03, 6.40000000e+01,
        1.94051501e-04, 2.40850000e-03],
       [8.00000000e+00, 1.02400000e+03, 1.02400000e+03, 2.56000000e+02,
        1.60244441e-04, 1.92370000e-03],
       [8.00000000e+00, 1.02400000e+03, 1.02400000e+03, 1.02400000e+03,
        7.78226766e-05, 9.39100000e-04],
       [8.00000000e+00, 1.02400000e+03, 3.27680000e+04, 1.60000000e+01,
        1.49879058e-03, 3.11416000e-02],
       [8.00000000e+00, 1.02400000e+03, 3.27680000e+04, 6.40000000e+01,
        1.72345830e-03, 3.78893000e-02],
       [8.00000000e+00, 1.02400000e+03, 3.27680000e+04, 2.56000000e+02,
        1.36298268e-03, 3.32506000e-02],
       [8.00000000e+00, 1.02400000e+03, 3.27680000e+04, 1.02400000e+03,
        5.78672274e-04, 9.87330000e-03],
       [8.00000000e+00, 1.02400000e+03, 1.04857600e+06, 1.60000000e+01,
        3.63327153e-02, 9.59582700e-01],
       [8.00000000e+00, 1.02400000e+03, 1.04857600e+06, 6.40000000e+01,
        2.06987373e-02, 1.09671970e+00],
       [8.00000000e+00, 1.02400000e+03, 1.04857600e+06, 2.56000000e+02,
        4.94106628e-02, 1.08493280e+00],
       [8.00000000e+00, 1.02400000e+03, 1.04857600e+06, 1.02400000e+03,
        1.19114454e-01, 6.13824500e-01],
       [8.00000000e+00, 3.27680000e+04, 1.02400000e+03, 1.60000000e+01,
        7.06455918e-04, 2.90804000e-02],
       [8.00000000e+00, 3.27680000e+04, 1.02400000e+03, 6.40000000e+01,
        1.67060199e-03, 4.01232000e-02],
       [8.00000000e+00, 3.27680000e+04, 1.02400000e+03, 2.56000000e+02,
        1.42602406e-03, 3.93910000e-02],
       [8.00000000e+00, 3.27680000e+04, 1.02400000e+03, 1.02400000e+03,
        1.90113304e-03, 4.28007000e-02],
       [8.00000000e+00, 3.27680000e+04, 1.02400000e+03, 4.09600000e+03,
        2.23686764e-03, 3.90670000e-02],
       [8.00000000e+00, 3.27680000e+04, 3.27680000e+04, 1.60000000e+01,
        2.04373439e-02, 8.24362100e-01],
       [8.00000000e+00, 3.27680000e+04, 3.27680000e+04, 6.40000000e+01,
        2.88201318e-02, 1.10240420e+00],
       [8.00000000e+00, 3.27680000e+04, 3.27680000e+04, 2.56000000e+02,
        3.00302026e-02, 1.09900420e+00],
       [8.00000000e+00, 3.27680000e+04, 3.27680000e+04, 1.02400000e+03,
        3.29714506e-02, 1.09834580e+00],
       [8.00000000e+00, 3.27680000e+04, 3.27680000e+04, 4.09600000e+03,
        2.49383966e-02, 1.05685110e+00],
       [8.00000000e+00, 3.27680000e+04, 1.04857600e+06, 6.40000000e+01,
        2.08065145e-01, 3.34394420e+01],
       [8.00000000e+00, 3.27680000e+04, 1.04857600e+06, 2.56000000e+02,
        3.93759012e-01, 3.35984870e+01],
       [8.00000000e+00, 3.27680000e+04, 1.04857600e+06, 1.02400000e+03,
        4.62990419e-01, 3.45074125e+01],
       [8.00000000e+00, 1.04857600e+06, 1.02400000e+03, 1.60000000e+01,
        1.56080081e-02, 8.02302200e-01],
       [8.00000000e+00, 1.04857600e+06, 1.02400000e+03, 6.40000000e+01,
        2.52933869e-02, 1.13710500e+00],
       [8.00000000e+00, 1.04857600e+06, 1.02400000e+03, 2.56000000e+02,
        2.98741390e-02, 1.14807660e+00],
       [8.00000000e+00, 1.04857600e+06, 1.02400000e+03, 1.02400000e+03,
        2.63809026e-02, 1.14927310e+00],
       [8.00000000e+00, 1.04857600e+06, 1.02400000e+03, 4.09600000e+03,
        2.67820191e-02, 1.14645690e+00],
       [8.00000000e+00, 1.04857600e+06, 1.02400000e+03, 1.04857600e+06,
        7.66798722e-02, 6.36844300e-01],
       [8.00000000e+00, 1.04857600e+06, 3.27680000e+04, 6.40000000e+01,
        3.75871008e-01, 3.33881794e+01],
       [8.00000000e+00, 1.04857600e+06, 3.27680000e+04, 2.56000000e+02,
        5.15813394e-01, 3.40103147e+01],
       [8.00000000e+00, 1.04857600e+06, 3.27680000e+04, 1.02400000e+03,
        4.12267693e-01, 3.33661596e+01],
       [8.00000000e+00, 1.04857600e+06, 3.27680000e+04, 4.09600000e+03,
        2.96338862e-01, 3.33899081e+01],
       [1.60000000e+01, 1.02400000e+03, 1.02400000e+03, 1.60000000e+01,
        2.64228038e-04, 2.46420000e-03],
       [1.60000000e+01, 1.02400000e+03, 1.02400000e+03, 6.40000000e+01,
        2.85079245e-04, 2.63920000e-03],
       [1.60000000e+01, 1.02400000e+03, 1.02400000e+03, 2.56000000e+02,
        2.07828015e-04, 1.98340000e-03],
       [1.60000000e+01, 1.02400000e+03, 1.02400000e+03, 1.02400000e+03,
        1.19690083e-04, 1.36620000e-03],
       [1.60000000e+01, 1.02400000e+03, 3.27680000e+04, 1.60000000e+01,
        9.99055796e-04, 2.32904000e-02],
       [1.60000000e+01, 1.02400000e+03, 3.27680000e+04, 6.40000000e+01,
        1.26497659e-03, 2.69631000e-02],
       [1.60000000e+01, 1.02400000e+03, 3.27680000e+04, 2.56000000e+02,
        1.77500684e-03, 2.65686000e-02],
       [1.60000000e+01, 1.02400000e+03, 3.27680000e+04, 1.02400000e+03,
        4.31876621e-04, 1.00122000e-02],
       [1.60000000e+01, 1.02400000e+03, 1.04857600e+06, 1.60000000e+01,
        2.68440314e-02, 5.58293900e-01],
       [1.60000000e+01, 1.02400000e+03, 1.04857600e+06, 6.40000000e+01,
        2.20087217e-02, 5.91406300e-01],
       [1.60000000e+01, 1.02400000e+03, 1.04857600e+06, 2.56000000e+02,
        3.80706177e-02, 6.33315100e-01],
       [1.60000000e+01, 1.02400000e+03, 1.04857600e+06, 1.02400000e+03,
        4.20174179e-02, 3.28102800e-01],
       [1.60000000e+01, 1.02400000e+03, 3.35544320e+07, 6.40000000e+01,
        1.35446304e-02, 1.99285150e+01],
       [1.60000000e+01, 3.27680000e+04, 1.02400000e+03, 1.60000000e+01,
        1.26356896e-03, 2.84345000e-02],
       [1.60000000e+01, 3.27680000e+04, 1.02400000e+03, 6.40000000e+01,
        1.23631052e-03, 3.13843000e-02],
       [1.60000000e+01, 3.27680000e+04, 1.02400000e+03, 2.56000000e+02,
        1.10122404e-03, 2.93315000e-02],
       [1.60000000e+01, 3.27680000e+04, 1.02400000e+03, 1.02400000e+03,
        1.30277880e-03, 3.08663000e-02],
       [1.60000000e+01, 3.27680000e+04, 1.02400000e+03, 4.09600000e+03,
        1.16899691e-03, 3.14373000e-02],
       [1.60000000e+01, 3.27680000e+04, 3.27680000e+04, 1.60000000e+01,
        2.08606548e-02, 4.64652200e-01],
       [1.60000000e+01, 3.27680000e+04, 3.27680000e+04, 6.40000000e+01,
        2.57320412e-02, 5.99003600e-01],
       [1.60000000e+01, 3.27680000e+04, 3.27680000e+04, 2.56000000e+02,
        2.67251841e-02, 5.90444100e-01],
       [1.60000000e+01, 3.27680000e+04, 3.27680000e+04, 1.02400000e+03,
        2.54458840e-02, 5.80827000e-01],
       [1.60000000e+01, 3.27680000e+04, 3.27680000e+04, 4.09600000e+03,
        2.31918412e-02, 5.78777600e-01],
       [1.60000000e+01, 3.27680000e+04, 1.04857600e+06, 6.40000000e+01,
        7.30813072e-01, 1.83382992e+01],
       [1.60000000e+01, 3.27680000e+04, 1.04857600e+06, 2.56000000e+02,
        4.44834188e-01, 1.71329892e+01],
       [1.60000000e+01, 3.27680000e+04, 1.04857600e+06, 1.02400000e+03,
        4.24032235e-01, 1.76116171e+01],
       [1.60000000e+01, 1.04857600e+06, 1.02400000e+03, 1.60000000e+01,
        2.32911195e-02, 5.09436700e-01],
       [1.60000000e+01, 1.04857600e+06, 1.02400000e+03, 6.40000000e+01,
        2.59575437e-02, 6.29248500e-01],
       [1.60000000e+01, 1.04857600e+06, 1.02400000e+03, 2.56000000e+02,
        2.45061596e-02, 6.37348800e-01],
       [1.60000000e+01, 1.04857600e+06, 1.02400000e+03, 1.02400000e+03,
        2.56201426e-02, 6.27785100e-01],
       [1.60000000e+01, 1.04857600e+06, 1.02400000e+03, 4.09600000e+03,
        2.89597344e-02, 6.35068600e-01],
       [1.60000000e+01, 1.04857600e+06, 1.02400000e+03, 1.04857600e+06,
        3.88582528e-02, 5.93457700e-01],
       [1.60000000e+01, 1.04857600e+06, 3.27680000e+04, 6.40000000e+01,
        6.90696932e-01, 1.94473587e+01],
       [1.60000000e+01, 1.04857600e+06, 3.27680000e+04, 2.56000000e+02,
        4.67486045e-01, 1.70296418e+01],
       [1.60000000e+01, 1.04857600e+06, 3.27680000e+04, 1.02400000e+03,
        9.05877652e-01, 1.95737843e+01],
       [1.60000000e+01, 1.04857600e+06, 3.27680000e+04, 4.09600000e+03,
        1.04210440e+00, 1.84826267e+01]])