[2.00000000e+00 1.02400000e+03 1.02400000e+03 1.60000000e+01
 6.01564294e-05 3.58620000e-03]
[2.00000000e+00 1.02400000e+03 1.02400000e+03 6.40000000e+01
 8.73233302e-05 4.34260000e-03]
[2.00000000e+00 1.02400000e+03 1.02400000e+03 2.56000000e+02
 1.22447054e-04 3.89630000e-03]
[2.00000000e+00 1.02400000e+03 1.02400000e+03 1.02400000e+03
 2.05971114e-05 8.73300000e-04]
[2.00000000e+00 1.02400000e+03 3.27680000e+04 1.60000000e+01
 3.87339293e-03 1.07117200e-01]
[2.00000000e+00 1.02400000e+03 3.27680000e+04 6.40000000e+01
 2.26797348e-03 1.29223800e-01]
[2.0000000e+00 1.0240000e+03 3.2768000e+04 2.5600000e+02 2.8030114e-03
 1.1223280e-01]
[2.00000000e+00 1.02400000e+03 3.27680000e+04 1.02400000e+03
 2.26609967e-03 2.89664000e-02]
[2.0000000e+00 1.0240000e+03 1.0485760e+06 1.6000000e+01 2.6595962e-02
 3.3693721e+00]
[2.00000000e+00 1.02400000e+03 1.04857600e+06 6.40000000e+01
 2.99322315e-02 4.16345140e+00]
[2.00000000e+00 1.02400000e+03 1.04857600e+06 2.56000000e+02
 1.81330313e-02 3.62222130e+00]
[2.00000000e+00 1.02400000e+03 1.04857600e+06 1.02400000e+03
 8.39136843e-03 8.11763600e-01]
[2.00000000e+00 3.27680000e+04 1.02400000e+03 1.60000000e+01
 5.24151457e-03 1.03642600e-01]
[2.00000000e+00 3.27680000e+04 1.02400000e+03 6.40000000e+01
 4.33529176e-03 1.36324300e-01]
[2.00000000e+00 3.27680000e+04 1.02400000e+03 2.56000000e+02
 1.03073266e-03 1.29287900e-01]
[2.00000000e+00 3.27680000e+04 1.02400000e+03 1.02400000e+03
 1.00413706e-03 1.30216900e-01]
[2.0000000e+00 3.2768000e+04 1.0240000e+03 4.0960000e+03 1.9563995e-03
 1.2117290e-01]
[2.00000000e+00 3.27680000e+04 3.27680000e+04 1.60000000e+01
 2.44099013e-02 3.07481860e+00]
[2.00000000e+00 3.27680000e+04 3.27680000e+04 6.40000000e+01
 3.71919998e-02 4.18502890e+00]
[2.00000000e+00 3.27680000e+04 3.27680000e+04 2.56000000e+02
 3.67001282e-02 4.14228070e+00]
[2.00000000e+00 3.27680000e+04 3.27680000e+04 1.02400000e+03
 2.36770397e-02 4.11180340e+00]
[2.00000000e+00 3.27680000e+04 3.27680000e+04 4.09600000e+03
 4.90522125e-02 3.91754820e+00]
[2.0000000e+00 1.0485760e+06 1.0240000e+03 1.6000000e+01 1.1955963e-02
 2.7643368e+00]
[2.00000000e+00 1.04857600e+06 1.02400000e+03 6.40000000e+01
 3.05342586e-02 4.14910950e+00]
[2.00000000e+00 1.04857600e+06 1.02400000e+03 2.56000000e+02
 1.98028717e-02 4.12489960e+00]
[2.0000000e+00 1.0485760e+06 1.0240000e+03 1.0240000e+03 2.6583985e-02
 4.1424344e+00]
[2.0000000e+00 1.0485760e+06 1.0240000e+03 4.0960000e+03 1.9457225e-02
 4.1154404e+00]
[2.00000000e+00 1.04857600e+06 1.02400000e+03 1.04857600e+06
 1.02418203e-02 6.52110900e-01]
[4.00000000e+00 1.02400000e+03 1.02400000e+03 1.60000000e+01
 1.02396894e-04 2.52260000e-03]
[4.0000000e+00 1.0240000e+03 1.0240000e+03 6.4000000e+01 9.4023747e-05
 2.8825000e-03]
[4.00000000e+00 1.02400000e+03 1.02400000e+03 2.56000000e+02
 2.37610816e-05 2.50290000e-03]
[4.00000000e+00 1.02400000e+03 1.02400000e+03 1.02400000e+03
 9.90648707e-04 2.18800000e-03]
[4.0000000e+00 1.0240000e+03 3.2768000e+04 1.6000000e+01 1.8461576e-03
 5.8206900e-02]
[4.00000000e+00 1.02400000e+03 3.27680000e+04 6.40000000e+01
 1.46892275e-03 6.86292000e-02]
[4.000000e+00 1.024000e+03 3.276800e+04 2.560000e+02 3.227181e-03
 6.267830e-02]
[4.0000000e+00 1.0240000e+03 3.2768000e+04 1.0240000e+03 1.7285748e-03
 2.4141300e-02]
[4.00000000e+00 1.02400000e+03 1.04857600e+06 1.60000000e+01
 2.95747219e-02 1.75626560e+00]
[4.00000000e+00 1.02400000e+03 1.04857600e+06 6.40000000e+01
 2.07619936e-02 2.13320400e+00]
[4.00000000e+00 1.02400000e+03 1.04857600e+06 2.56000000e+02
 1.30044684e-02 1.86914970e+00]
[4.00000000e+00 1.02400000e+03 1.04857600e+06 1.02400000e+03
 1.15327169e-02 4.70075600e-01]
[4.00000000e+00 3.27680000e+04 1.02400000e+03 1.60000000e+01
 1.99148881e-03 5.30828000e-02]
[4.00000000e+00 3.27680000e+04 1.02400000e+03 6.40000000e+01
 2.46887516e-03 6.99150000e-02]
[4.00000000e+00 3.27680000e+04 1.02400000e+03 2.56000000e+02
 2.52542201e-03 6.81253000e-02]
[4.00000000e+00 3.27680000e+04 1.02400000e+03 1.02400000e+03
 1.09992088e-03 6.78539000e-02]
[4.00000000e+00 3.27680000e+04 1.02400000e+03 4.09600000e+03
 2.01450314e-04 6.14341000e-02]
[4.00000000e+00 3.27680000e+04 3.27680000e+04 1.60000000e+01
 4.56638133e-03 1.53222890e+00]
[4.00000000e+00 3.27680000e+04 3.27680000e+04 6.40000000e+01
 1.94974831e-02 2.08764120e+00]
[4.00000000e+00 3.27680000e+04 3.27680000e+04 2.56000000e+02
 1.48574904e-02 2.09351780e+00]
[4.00000000e+00 3.27680000e+04 3.27680000e+04 1.02400000e+03
 1.69819605e-02 2.07946510e+00]
[4.00000000e+00 3.27680000e+04 3.27680000e+04 4.09600000e+03
 1.77239292e-02 1.97576710e+00]
[4.00000000e+00 3.27680000e+04 1.04857600e+06 6.40000000e+01
 1.14334176e-01 6.54906835e+01]
[4.00000000e+00 3.27680000e+04 1.04857600e+06 2.56000000e+02
 1.15952636e-01 6.57409440e+01]
[4.00000000e+00 3.27680000e+04 1.04857600e+06 1.02400000e+03
 1.33766738e-01 6.51083701e+01]
[4.00000000e+00 1.04857600e+06 1.02400000e+03 1.60000000e+01
 3.45595843e-03 1.43764460e+00]
[4.00000000e+00 1.04857600e+06 1.02400000e+03 6.40000000e+01
 2.63675662e-02 2.14752160e+00]
[4.00000000e+00 1.04857600e+06 1.02400000e+03 2.56000000e+02
 2.77730015e-02 2.15655020e+00]
[4.0000000e+00 1.0485760e+06 1.0240000e+03 1.0240000e+03 2.0246535e-02
 2.1301625e+00]
[4.00000000e+00 1.04857600e+06 1.02400000e+03 4.09600000e+03
 3.29609834e-02 2.15407740e+00]
[4.00000000e+00 1.04857600e+06 1.02400000e+03 1.04857600e+06
 6.59908985e-03 3.68595700e-01]
[4.00000000e+00 1.04857600e+06 3.27680000e+04 6.40000000e+01
 2.10776473e-01 6.50608372e+01]
[4.00000000e+00 1.04857600e+06 3.27680000e+04 2.56000000e+02
 3.29209901e-01 6.54568919e+01]
[4.00000000e+00 1.04857600e+06 3.27680000e+04 1.02400000e+03
 2.97486661e-01 6.52448232e+01]
[4.00000000e+00 1.04857600e+06 3.27680000e+04 4.09600000e+03
 2.45373636e-01 6.53502591e+01]
[8.00000000e+00 1.02400000e+03 1.02400000e+03 1.60000000e+01
 3.86101153e-05 2.18630000e-03]
[8.00000000e+00 1.02400000e+03 1.02400000e+03 6.40000000e+01
 6.31568207e-05 2.42840000e-03]
[8.00000000e+00 1.02400000e+03 1.02400000e+03 2.56000000e+02
 3.63516299e-05 2.19670000e-03]
[8.00000000e+00 1.02400000e+03 1.02400000e+03 1.02400000e+03
 5.31263023e-05 1.57040000e-03]
[8.00000000e+00 1.02400000e+03 3.27680000e+04 1.60000000e+01
 3.76998334e-04 3.42216000e-02]
[8.00000000e+00 1.02400000e+03 3.27680000e+04 6.40000000e+01
 1.94034894e-04 3.98280000e-02]
[8.00000000e+00 1.02400000e+03 3.27680000e+04 2.56000000e+02
 5.57816942e-04 3.56093000e-02]
[8.00000000e+00 1.02400000e+03 3.27680000e+04 1.02400000e+03
 6.60549178e-04 1.87508000e-02]
[8.00000000e+00 1.02400000e+03 1.04857600e+06 1.60000000e+01
 1.47715005e-02 1.00172890e+00]
[8.00000000e+00 1.02400000e+03 1.04857600e+06 6.40000000e+01
 6.74287954e-03 1.16538610e+00]
[8.00000000e+00 1.02400000e+03 1.04857600e+06 2.56000000e+02
 7.70234778e-03 1.04852880e+00]
[8.00000000e+00 1.02400000e+03 1.04857600e+06 1.02400000e+03
 2.02874148e-02 4.10656200e-01]
[8.00000000e+00 3.27680000e+04 1.02400000e+03 1.60000000e+01
 2.25150492e-04 2.81916000e-02]
[8.00000000e+00 3.27680000e+04 1.02400000e+03 6.40000000e+01
 7.24914443e-04 3.81149000e-02]
[8.0000000e+00 3.2768000e+04 1.0240000e+03 2.5600000e+02 7.4336777e-04
 3.7459300e-02]
[8.00000000e+00 3.27680000e+04 1.02400000e+03 1.02400000e+03
 1.23132059e-04 3.67344000e-02]
[8.00000000e+00 3.27680000e+04 1.02400000e+03 4.09600000e+03
 6.19780268e-04 3.48447000e-02]
[8.00000000e+00 3.27680000e+04 3.27680000e+04 1.60000000e+01
 1.50515644e-02 8.03497400e-01]
[8.00000000e+00 3.27680000e+04 3.27680000e+04 6.40000000e+01
 9.18974208e-03 1.04482270e+00]
[8.0000000e+00 3.2768000e+04 3.2768000e+04 2.5600000e+02 6.6877181e-03
 1.0401804e+00]
[8.00000000e+00 3.27680000e+04 3.27680000e+04 1.02400000e+03
 4.62243475e-03 1.03644500e+00]
[8.0000000e+00 3.2768000e+04 3.2768000e+04 4.0960000e+03 4.0227165e-03
 9.8597520e-01]
[8.00000000e+00 3.27680000e+04 1.04857600e+06 6.40000000e+01
 7.78605850e-02 3.29262128e+01]
[8.00000000e+00 3.27680000e+04 1.04857600e+06 2.56000000e+02
 3.28041519e-02 3.30018835e+01]
[8.00000000e+00 3.27680000e+04 1.04857600e+06 1.02400000e+03
 3.98048678e-02 3.27492581e+01]
[8.00000000e+00 1.04857600e+06 1.02400000e+03 1.60000000e+01
 2.98831954e-03 7.76160300e-01]
[8.00000000e+00 1.04857600e+06 1.02400000e+03 6.40000000e+01
 1.09321983e-03 1.10548070e+00]
[8.00000000e+00 1.04857600e+06 1.02400000e+03 2.56000000e+02
 8.79533936e-04 1.10676340e+00]
[8.00000000e+00 1.04857600e+06 1.02400000e+03 1.02400000e+03
 7.85249487e-03 1.11044940e+00]
[8.00000000e+00 1.04857600e+06 1.02400000e+03 4.09600000e+03
 1.52440295e-03 1.09899430e+00]
[8.0000000e+00 1.0485760e+06 1.0240000e+03 1.0485760e+06 7.0201491e-03
 2.4383750e-01]
[8.00000000e+00 1.04857600e+06 3.27680000e+04 6.40000000e+01
 1.44085326e-01 3.27292930e+01]
[8.00000000e+00 1.04857600e+06 3.27680000e+04 2.56000000e+02
 9.14967467e-02 3.27407927e+01]
[8.00000000e+00 1.04857600e+06 3.27680000e+04 1.02400000e+03
 8.84065562e-02 3.26099666e+01]
[8.00000000e+00 1.04857600e+06 3.27680000e+04 4.09600000e+03
 8.59315195e-02 3.26310984e+01]