For configuration [33554432.], there was not enough data.
Sequential data: 0
Parallel data: 1
Sequential vs pthreads on mean_path_length for fixed
seq_length=1024.0
patterns=1024.0

        16.0      64.0     256.0    1024.0
1   0.006400  0.008042  0.006857  0.000714
2   0.003607  0.004972  0.003765  0.001065
4   0.002679  0.003013  0.002140  0.001049
8   0.002131  0.002409  0.001924  0.000939
16  0.002464  0.002639  0.001983  0.001366
------------------------------------------------------------------------
Sequential vs pthreads on mean_path_length for fixed
seq_length=1024.0
patterns=32768.0

        16.0      64.0     256.0    1024.0
1   0.201449  0.258468  0.219794  0.026042
2   0.102579  0.126443  0.107496  0.016991
4   0.054682  0.068113  0.059163  0.013273
8   0.031142  0.037889  0.033251  0.009873
16  0.023290  0.026963  0.026569  0.010012
------------------------------------------------------------------------
Sequential vs pthreads on mean_path_length for fixed
seq_length=1024.0
patterns=1048576.0

        16.0      64.0     256.0    1024.0
1   6.515546  8.205689  7.024149  1.047052
2   3.392967  4.163918  3.795343  0.987293
4   1.709101  2.089439  1.927540  0.914713
8   0.959583  1.096720  1.084933  0.613824
16  0.558294  0.591406  0.633315  0.328103
------------------------------------------------------------------------
Sequential vs pthreads on mean_path_length for fixed
seq_length=32768.0
patterns=1024.0

        16.0      64.0     256.0    1024.0    4096.0
1   0.186606  0.264647  0.257995  0.257708  0.243558
2   0.095819  0.135320  0.133529  0.132155  0.125421
4   0.053043  0.070578  0.070108  0.074189  0.067546
8   0.029080  0.040123  0.039391  0.042801  0.039067
16  0.028435  0.031384  0.029331  0.030866  0.031437
------------------------------------------------------------------------
Sequential vs pthreads on mean_path_length for fixed
seq_length=32768.0
patterns=32768.0

        16.0      64.0     256.0    1024.0    4096.0
1   6.043023  8.437432  8.428306  8.231990  7.704879
2   3.104201  4.222524  4.188657  4.158359  4.012072
4   1.570715  2.099547  2.102849  2.064930  2.039391
8   0.824362  1.102404  1.099004  1.098346  1.056851
16  0.464652  0.599004  0.590444  0.580827  0.578778
------------------------------------------------------------------------
Sequential vs pthreads on mean_path_length for fixed
seq_length=32768.0
patterns=1048576.0

         64.0      256.0     1024.0
1         NaN        NaN        NaN
4   65.430255  65.382622        NaN
8   33.439442  33.598487  34.507413
16  18.338299  17.132989  17.611617
------------------------------------------------------------------------
Sequential vs pthreads on mean_path_length for fixed
seq_length=1048576.0
patterns=1024.0

        16.0      64.0     256.0    1024.0    4096.0  1048576.0
1   5.496112  8.490912  8.409007  8.432155  8.384778   0.982304
2   2.850995  4.286660  4.231558  4.229246  4.200050   0.840465
4   1.474547  2.101079  2.105329  2.100118  2.119252   0.828089
8   0.802302  1.137105  1.148077  1.149273  1.146457   0.636844
16  0.509437  0.629249  0.637349  0.627785  0.635069   0.593458
------------------------------------------------------------------------
Sequential vs pthreads on mean_path_length for fixed
seq_length=1048576.0
patterns=32768.0

         64.0      256.0     1024.0     4096.0
1         NaN        NaN        NaN        NaN
4   63.866734  64.507352  64.551210  64.562534
8   33.388179  34.010315  33.366160  33.389908
16  19.447359  17.029642  19.573784  18.482627
------------------------------------------------------------------------
