     processes  threads  seq_length   patterns  mean_pat_length  time_std    speedup
0          4.0      2.0      1024.0     1024.0             16.0  0.000236   3.100320
6          4.0      2.0      1024.0     1024.0             64.0  0.000065   4.817697
12         4.0      2.0      1024.0     1024.0            256.0  0.000046   3.998251
18         4.0      2.0      1024.0     1024.0           1024.0  0.000041   0.703470
1          4.0      4.0      1024.0     1024.0             16.0  0.000273   3.504709
7          4.0      4.0      1024.0     1024.0             64.0  0.000283   4.579556
13         4.0      4.0      1024.0     1024.0            256.0  0.000058   5.411143
19         4.0      4.0      1024.0     1024.0           1024.0  0.000039   0.724320
2          4.0      8.0      1024.0     1024.0             16.0  0.000411   2.982432
8          4.0      8.0      1024.0     1024.0             64.0  0.000063   5.443143
14         4.0      8.0      1024.0     1024.0            256.0  0.000279   4.259535
20         4.0      8.0      1024.0     1024.0           1024.0  0.000408   0.447342
3          8.0      2.0      1024.0     1024.0             16.0  0.001383   2.121271
9          8.0      2.0      1024.0     1024.0             64.0  0.000077   4.892140
15         8.0      2.0      1024.0     1024.0            256.0  0.000072   4.351993
21         8.0      2.0      1024.0     1024.0           1024.0  0.000024   0.601991
4          8.0      4.0      1024.0     1024.0             16.0  0.000031   4.913481
10         8.0      4.0      1024.0     1024.0             64.0  0.000050   5.947123
16         8.0      4.0      1024.0     1024.0            256.0  0.000032   5.099658
22         8.0      4.0      1024.0     1024.0           1024.0  0.000088   0.596656
5          8.0      8.0      1024.0     1024.0             16.0  0.000029   4.374180
11         8.0      8.0      1024.0     1024.0             64.0  0.000151   4.788436
17         8.0      8.0      1024.0     1024.0            256.0  0.000042   4.734843
23         8.0      8.0      1024.0     1024.0           1024.0  0.000295   0.394865
24         4.0      2.0      1024.0    32768.0             16.0  0.001679   7.003936
30         4.0      2.0      1024.0    32768.0             64.0  0.001597   7.276045
36         4.0      2.0      1024.0    32768.0            256.0  0.001228   6.001641
42         4.0      2.0      1024.0    32768.0           1024.0  0.002041   1.064064
25         4.0      4.0      1024.0    32768.0             16.0  0.000558  11.481169
31         4.0      4.0      1024.0    32768.0             64.0  0.000077  13.053564
37         4.0      4.0      1024.0    32768.0            256.0  0.000054  10.590567
43         4.0      4.0      1024.0    32768.0           1024.0  0.002339   1.373029
26         4.0      8.0      1024.0    32768.0             16.0  0.000660  15.145828
32         4.0      8.0      1024.0    32768.0             64.0  0.000322  19.149779
38         4.0      8.0      1024.0    32768.0            256.0  0.000482  14.772923
44         4.0      8.0      1024.0    32768.0           1024.0  0.002433   1.625168
27         8.0      2.0      1024.0    32768.0             16.0  0.001028  12.635155
33         8.0      2.0      1024.0    32768.0             64.0  0.000800  13.346229
39         8.0      2.0      1024.0    32768.0            256.0  0.000750  11.974770
45         8.0      2.0      1024.0    32768.0           1024.0  0.001169   2.082403
28         8.0      4.0      1024.0    32768.0             16.0  0.000518  18.720597
34         8.0      4.0      1024.0    32768.0             64.0  0.000813  20.429701
40         8.0      4.0      1024.0    32768.0            256.0  0.000125  18.507140
46         8.0      4.0      1024.0    32768.0           1024.0  0.000523   1.801421
29         8.0      8.0      1024.0    32768.0             16.0  0.000428  21.267800
35         8.0      8.0      1024.0    32768.0             64.0  0.000613  24.701671
41         8.0      8.0      1024.0    32768.0            256.0  0.000590  22.160278
47         8.0      8.0      1024.0    32768.0           1024.0  0.001672   1.942280
48         4.0      2.0      1024.0  1048576.0             16.0  0.013579   7.432016
54         4.0      2.0      1024.0  1048576.0             64.0  0.030267   7.703581
60         4.0      2.0      1024.0  1048576.0            256.0  0.036132   6.409195
66         4.0      2.0      1024.0  1048576.0           1024.0  0.006938   2.420433
49         4.0      4.0      1024.0  1048576.0             16.0  0.009700  15.579843
55         4.0      4.0      1024.0  1048576.0             64.0  0.008948  16.930509
61         4.0      4.0      1024.0  1048576.0            256.0  0.007531  13.145044
67         4.0      4.0      1024.0  1048576.0           1024.0  0.027185   2.758245
50         4.0      8.0      1024.0  1048576.0             16.0  0.006604  19.604437
56         4.0      8.0      1024.0  1048576.0             64.0  0.006540  22.370737
62         4.0      8.0      1024.0  1048576.0            256.0  0.011403  18.537593
68         4.0      8.0      1024.0  1048576.0           1024.0  0.010942   2.997334
51         8.0      2.0      1024.0  1048576.0             16.0  0.009062  14.400156
57         8.0      2.0      1024.0  1048576.0             64.0  0.003482  15.331117
63         8.0      2.0      1024.0  1048576.0            256.0  0.009390  12.420365
69         8.0      2.0      1024.0  1048576.0           1024.0  0.009263   4.525511
52         8.0      4.0      1024.0  1048576.0             16.0  0.004433  27.149105
58         8.0      4.0      1024.0  1048576.0             64.0  0.003468  30.463810
64         8.0      4.0      1024.0  1048576.0            256.0  0.010691  24.216443
70         8.0      4.0      1024.0  1048576.0           1024.0  0.017258   4.864562
53         8.0      8.0      1024.0  1048576.0             16.0  0.004356  32.349538
59         8.0      8.0      1024.0  1048576.0             64.0  0.005558  36.898905
65         8.0      8.0      1024.0  1048576.0            256.0  0.010553  28.023375
71         8.0      8.0      1024.0  1048576.0           1024.0  0.024660   4.596918
72         4.0      2.0     32768.0     1024.0             16.0  0.001614   6.244895
78         4.0      2.0     32768.0     1024.0             64.0  0.001138   7.353934
84         4.0      2.0     32768.0     1024.0            256.0  0.000948   7.531481
90         4.0      2.0     32768.0     1024.0           1024.0  0.001829   7.007818
96         4.0      2.0     32768.0     1024.0           4096.0  0.001330   6.631782
73         4.0      4.0     32768.0     1024.0             16.0  0.000321  10.659070
79         4.0      4.0     32768.0     1024.0             64.0  0.000224  12.314914
85         4.0      4.0     32768.0     1024.0            256.0  0.000183  12.152741
91         4.0      4.0     32768.0     1024.0           1024.0  0.000940  11.346490
97         4.0      4.0     32768.0     1024.0           4096.0  0.000350  10.743699
74         4.0      8.0     32768.0     1024.0             16.0  0.000877  12.523906
80         4.0      8.0     32768.0     1024.0             64.0  0.000515  14.059047
86         4.0      8.0     32768.0     1024.0            256.0  0.001360  15.659432
92         4.0      8.0     32768.0     1024.0           1024.0  0.000745  17.522833
98         4.0      8.0     32768.0     1024.0           4096.0  0.000683  13.453837
75         8.0      2.0     32768.0     1024.0             16.0  0.000973  10.269677
81         8.0      2.0     32768.0     1024.0             64.0  0.000723  12.897303
87         8.0      2.0     32768.0     1024.0            256.0  0.000553  12.546462
93         8.0      2.0     32768.0     1024.0           1024.0  0.000769  11.384887
99         8.0      2.0     32768.0     1024.0           4096.0  0.001244  10.650488
76         8.0      4.0     32768.0     1024.0             16.0  0.000123  15.277057
82         8.0      4.0     32768.0     1024.0             64.0  0.000270  18.711731
88         8.0      4.0     32768.0     1024.0            256.0  0.000990  17.286356
94         8.0      4.0     32768.0     1024.0           1024.0  0.000140  18.507146
100        8.0      4.0     32768.0     1024.0           4096.0  0.000041  17.185097
77         8.0      8.0     32768.0     1024.0             16.0  0.019517   0.521528
83         8.0      8.0     32768.0     1024.0             64.0  0.043138   0.722399
89         8.0      8.0     32768.0     1024.0            256.0  0.022840   0.708626
95         8.0      8.0     32768.0     1024.0           1024.0  0.074883   0.835728
101        8.0      8.0     32768.0     1024.0           4096.0  0.125744   1.151346
102        4.0      2.0     32768.0    32768.0             16.0  0.006747   7.965273
108        4.0      2.0     32768.0    32768.0             64.0  0.039594   8.412821
114        4.0      2.0     32768.0    32768.0            256.0  0.018963   8.580995
120        4.0      2.0     32768.0    32768.0           1024.0  0.012748   8.380089
126        4.0      2.0     32768.0    32768.0           4096.0  0.014825   7.468222
103        4.0      4.0     32768.0    32768.0             16.0  0.005985  15.512998
109        4.0      4.0     32768.0    32768.0             64.0  0.014852  16.479810
115        4.0      4.0     32768.0    32768.0            256.0  0.018579  16.388753
121        4.0      4.0     32768.0    32768.0           1024.0  0.015231  16.135866
127        4.0      4.0     32768.0    32768.0           4096.0  0.008371  14.693462
104        4.0      8.0     32768.0    32768.0             16.0  0.012432  23.757234
110        4.0      8.0     32768.0    32768.0             64.0  0.003750  29.311560
116        4.0      8.0     32768.0    32768.0            256.0  0.005896  29.810294
122        4.0      8.0     32768.0    32768.0           1024.0  0.005915  29.619678
128        4.0      8.0     32768.0    32768.0           4096.0  0.008130  24.275148
105        8.0      2.0     32768.0    32768.0             16.0  0.013562  14.552420
111        8.0      2.0     32768.0    32768.0             64.0  0.010024  16.714790
117        8.0      2.0     32768.0    32768.0            256.0  0.014858  16.160849
123        8.0      2.0     32768.0    32768.0           1024.0  0.015815  15.801225
129        8.0      2.0     32768.0    32768.0           4096.0  0.017094  13.931497
106        8.0      4.0     32768.0    32768.0             16.0  0.002155  28.231804
112        8.0      4.0     32768.0    32768.0             64.0  0.005619  29.980401
118        8.0      4.0     32768.0    32768.0            256.0  0.003069  30.283748
124        8.0      4.0     32768.0    32768.0           1024.0  0.009846  31.397901
130        8.0      4.0     32768.0    32768.0           4096.0  0.006301  27.080613
107        8.0      8.0     32768.0    32768.0             16.0  0.000000  15.967909
113        8.0      8.0     32768.0    32768.0             64.0  0.000000  21.396447
119        8.0      8.0     32768.0    32768.0            256.0  0.000000  25.343335
125        8.0      8.0     32768.0    32768.0           1024.0  0.315191  11.401608
131        8.0      8.0     32768.0    32768.0           4096.0  0.000000  20.826135
132        4.0      2.0   1048576.0     1024.0             16.0  0.023469   7.393120
137        4.0      2.0   1048576.0     1024.0             64.0  0.029591   7.887037
143        4.0      2.0   1048576.0     1024.0            256.0  0.017731   7.980344
149        4.0      2.0   1048576.0     1024.0           1024.0  0.010056   8.134802
155        4.0      2.0   1048576.0     1024.0           4096.0  0.018973   8.135731
161        4.0      2.0   1048576.0     1024.0        1048576.0  0.000731   2.847339
133        4.0      4.0   1048576.0     1024.0             16.0  0.009593  13.735973
138        4.0      4.0   1048576.0     1024.0             64.0  0.013263  15.299542
144        4.0      4.0   1048576.0     1024.0            256.0  0.006074  15.907386
150        4.0      4.0   1048576.0     1024.0           1024.0  0.009512  15.794918
156        4.0      4.0   1048576.0     1024.0           4096.0  0.009478  15.415610
162        4.0      4.0   1048576.0     1024.0        1048576.0  0.002442   3.784289
134        4.0      8.0   1048576.0     1024.0             16.0  0.009744  19.683649
139        4.0      8.0   1048576.0     1024.0             64.0  0.008442  26.010955
145        4.0      8.0   1048576.0     1024.0            256.0  0.006596  25.888206
151        4.0      8.0   1048576.0     1024.0           1024.0  0.008204  26.101573
157        4.0      8.0   1048576.0     1024.0           4096.0  0.002931  26.901450
163        4.0      8.0   1048576.0     1024.0        1048576.0  0.001417   4.009584
135        8.0      2.0   1048576.0     1024.0             16.0  0.006088  13.821933
140        8.0      2.0   1048576.0     1024.0             64.0  0.016837  14.599963
146        8.0      2.0   1048576.0     1024.0            256.0  0.020351  14.729913
152        8.0      2.0   1048576.0     1024.0           1024.0  0.017634  14.654306
158        8.0      2.0   1048576.0     1024.0           4096.0  0.017265  14.478907
164        8.0      2.0   1048576.0     1024.0        1048576.0  0.004273   4.681985
136        8.0      4.0   1048576.0     1024.0             16.0  0.004933  22.484778
141        8.0      4.0   1048576.0     1024.0             64.0  0.002576  24.963741
147        8.0      4.0   1048576.0     1024.0            256.0  0.004468  26.039076
153        8.0      4.0   1048576.0     1024.0           1024.0  0.004247  26.118826
159        8.0      4.0   1048576.0     1024.0           4096.0  0.036856  23.191008
165        8.0      4.0   1048576.0     1024.0        1048576.0  0.001927   6.139046
142        8.0      8.0   1048576.0     1024.0             64.0  0.000000  14.030345
148        8.0      8.0   1048576.0     1024.0            256.0  0.010095  12.550878
154        8.0      8.0   1048576.0     1024.0           1024.0  0.032616  12.607746
160        8.0      8.0   1048576.0     1024.0           4096.0  0.006812  11.385710
