These times are arranged in the following fashion:
Number of processes| number of threads | seq_length | Number of patterns | mean_pat_length | STD | Mean time on 5 measurements

[4.00000000e+00 2.00000000e+00 1.02400000e+03 1.02400000e+03
 1.60000000e+01 2.35802511e-04 2.06440000e-03]
[4.00000000e+00 2.00000000e+00 1.02400000e+03 1.02400000e+03
 6.40000000e+01 6.48964714e-05 1.66920000e-03]
[4.00000000e+00 2.00000000e+00 1.02400000e+03 1.02400000e+03
 2.56000000e+02 4.55815752e-05 1.71500000e-03]
[4.00000000e+00 2.00000000e+00 1.02400000e+03 1.02400000e+03
 1.02400000e+03 4.05665872e-05 1.01440000e-03]
[4.0000000e+00 2.0000000e+00 1.0240000e+03 3.2768000e+04 1.6000000e+01
 1.6790444e-03 2.8762200e-02]
[4.00000000e+00 2.00000000e+00 1.02400000e+03 3.27680000e+04
 6.40000000e+01 1.59708288e-03 3.55232000e-02]
[4.00000000e+00 2.00000000e+00 1.02400000e+03 3.27680000e+04
 2.56000000e+02 1.22830816e-03 3.66224000e-02]
[4.00000000e+00 2.00000000e+00 1.02400000e+03 3.27680000e+04
 1.02400000e+03 2.04118394e-03 2.44738000e-02]
[4.0000000e+00 2.0000000e+00 1.0240000e+03 1.0485760e+06 1.6000000e+01
 1.3578723e-02 8.7668620e-01]
[4.00000000e+00 2.00000000e+00 1.02400000e+03 1.04857600e+06
 6.40000000e+01 3.02673745e-02 1.06517860e+00]
[4.00000000e+00 2.00000000e+00 1.02400000e+03 1.04857600e+06
 2.56000000e+02 3.61319997e-02 1.09594860e+00]
[4.00000000e+00 2.00000000e+00 1.02400000e+03 1.04857600e+06
 1.02400000e+03 6.93751839e-03 4.32588800e-01]
[4.00000000e+00 2.00000000e+00 3.27680000e+04 1.02400000e+03
 1.60000000e+01 1.61369724e-03 2.98814000e-02]
[4.00000000e+00 2.00000000e+00 3.27680000e+04 1.02400000e+03
 6.40000000e+01 1.13757354e-03 3.59872000e-02]
[4.00000000e+00 2.00000000e+00 3.27680000e+04 1.02400000e+03
 2.56000000e+02 9.47725091e-04 3.42556000e-02]
[4.00000000e+00 2.00000000e+00 3.27680000e+04 1.02400000e+03
 1.02400000e+03 1.82895687e-03 3.67744000e-02]
[4.00000000e+00 2.00000000e+00 3.27680000e+04 1.02400000e+03
 4.09600000e+03 1.33046823e-03 3.67258000e-02]
[4.00000000e+00 2.00000000e+00 3.27680000e+04 3.27680000e+04
 1.60000000e+01 6.74740989e-03 7.58671200e-01]
[4.00000000e+00 2.00000000e+00 3.27680000e+04 3.27680000e+04
 6.40000000e+01 3.95943742e-02 1.00292540e+00]
[4.00000000e+00 2.00000000e+00 3.27680000e+04 3.27680000e+04
 2.56000000e+02 1.89631025e-02 9.82206200e-01]
[4.00000000e+00 2.00000000e+00 3.27680000e+04 3.27680000e+04
 1.02400000e+03 1.27480084e-02 9.82327200e-01]
[4.00000000e+00 2.00000000e+00 3.27680000e+04 3.27680000e+04
 4.09600000e+03 1.48245503e-02 1.03168840e+00]
[4.00000000e+00 2.00000000e+00 3.27680000e+04 1.04857600e+06
 6.40000000e+01 1.00013015e-01 3.04364588e+01]
[4.00000000e+00 2.00000000e+00 3.27680000e+04 1.04857600e+06
 2.56000000e+02 8.54476125e-02 3.06368670e+01]
[4.00000000e+00 2.00000000e+00 1.04857600e+06 1.02400000e+03
 1.60000000e+01 2.34691167e-02 7.43409000e-01]
[4.00000000e+00 2.00000000e+00 1.04857600e+06 1.02400000e+03
 6.40000000e+01 2.95910627e-02 1.07656560e+00]
[4.00000000e+00 2.00000000e+00 1.04857600e+06 1.02400000e+03
 2.56000000e+02 1.77313337e-02 1.05371480e+00]
[4.00000000e+00 2.00000000e+00 1.04857600e+06 1.02400000e+03
 1.02400000e+03 1.00556442e-02 1.03655320e+00]
[4.0000000e+00 2.0000000e+00 1.0485760e+06 1.0240000e+03 4.0960000e+03
 1.8972871e-02 1.0306116e+00]
[4.00000000e+00 2.00000000e+00 1.04857600e+06 1.02400000e+03
 1.04857600e+06 7.31283879e-04 3.44990200e-01]
[4.00000000e+00 2.00000000e+00 1.04857600e+06 3.27680000e+04
 6.40000000e+01 9.70926416e-02 3.02125494e+01]
[4.00000000e+00 2.00000000e+00 1.04857600e+06 3.27680000e+04
 2.56000000e+02 4.99196765e-02 3.00849548e+01]
[4.00000000e+00 2.00000000e+00 1.04857600e+06 3.27680000e+04
 1.02400000e+03 8.81886102e-02 3.02016988e+01]
[4.00000000e+00 2.00000000e+00 1.04857600e+06 3.27680000e+04
 4.09600000e+03 4.01727193e-02 3.02708530e+01]
[4.00000000e+00 4.00000000e+00 1.02400000e+03 1.02400000e+03
 1.60000000e+01 2.73356968e-04 1.82620000e-03]
[4.00000000e+00 4.00000000e+00 1.02400000e+03 1.02400000e+03
 6.40000000e+01 2.82637436e-04 1.75600000e-03]
[4.00000000e+00 4.00000000e+00 1.02400000e+03 1.02400000e+03
 2.56000000e+02 5.84735154e-05 1.26720000e-03]
[4.00000000e+00 4.00000000e+00 1.02400000e+03 1.02400000e+03
 1.02400000e+03 3.87157849e-05 9.85200000e-04]
[4.00000000e+00 4.00000000e+00 1.02400000e+03 3.27680000e+04
 1.60000000e+01 5.57612984e-04 1.75460000e-02]
[4.00000000e+00 4.00000000e+00 1.02400000e+03 3.27680000e+04
 6.40000000e+01 7.67054626e-05 1.98006000e-02]
[4.00000000e+00 4.00000000e+00 1.02400000e+03 3.27680000e+04
 2.56000000e+02 5.36666749e-05 2.07538000e-02]
[4.00000000e+00 4.00000000e+00 1.02400000e+03 3.27680000e+04
 1.02400000e+03 2.33899525e-03 1.89666000e-02]
[4.00000000e+00 4.00000000e+00 1.02400000e+03 1.04857600e+06
 1.60000000e+01 9.69975498e-03 4.18203600e-01]
[4.00000000e+00 4.00000000e+00 1.02400000e+03 1.04857600e+06
 6.40000000e+01 8.94770941e-03 4.84668800e-01]
[4.00000000e+00 4.00000000e+00 1.02400000e+03 1.04857600e+06
 2.56000000e+02 7.53107848e-03 5.34357200e-01]
[4.00000000e+00 4.00000000e+00 1.02400000e+03 1.04857600e+06
 1.02400000e+03 2.71849659e-02 3.79608000e-01]
[4.0000000e+00 4.0000000e+00 3.2768000e+04 1.0240000e+03 1.6000000e+01
 3.2065251e-04 1.7506800e-02]
[4.00000000e+00 4.00000000e+00 3.27680000e+04 1.02400000e+03
 6.40000000e+01 2.23578174e-04 2.14900000e-02]
[4.00000000e+00 4.00000000e+00 3.27680000e+04 1.02400000e+03
 2.56000000e+02 1.83391298e-04 2.12294000e-02]
[4.00000000e+00 4.00000000e+00 3.27680000e+04 1.02400000e+03
 1.02400000e+03 9.39524075e-04 2.27126000e-02]
[4.00000000e+00 4.00000000e+00 3.27680000e+04 1.02400000e+03
 4.09600000e+03 3.50265431e-04 2.26698000e-02]
[4.00000000e+00 4.00000000e+00 3.27680000e+04 3.27680000e+04
 1.60000000e+01 5.98487241e-03 3.89545800e-01]
[4.00000000e+00 4.00000000e+00 3.27680000e+04 3.27680000e+04
 6.40000000e+01 1.48516661e-02 5.11986000e-01]
[4.00000000e+00 4.00000000e+00 3.27680000e+04 3.27680000e+04
 2.56000000e+02 1.85787543e-02 5.14273800e-01]
[4.00000000e+00 4.00000000e+00 3.27680000e+04 3.27680000e+04
 1.02400000e+03 1.52314178e-02 5.10167200e-01]
[4.00000000e+00 4.00000000e+00 3.27680000e+04 3.27680000e+04
 4.09600000e+03 8.37103816e-03 5.24374600e-01]
[4.00000000e+00 4.00000000e+00 3.27680000e+04 1.04857600e+06
 6.40000000e+01 7.76835760e-02 1.51492266e+01]
[4.00000000e+00 4.00000000e+00 3.27680000e+04 1.04857600e+06
 2.56000000e+02 7.32204098e-02 1.52036842e+01]
[4.00000000e+00 4.00000000e+00 1.04857600e+06 1.02400000e+03
 1.60000000e+01 9.59260415e-03 4.00125400e-01]
[4.00000000e+00 4.00000000e+00 1.04857600e+06 1.02400000e+03
 6.40000000e+01 1.32633662e-02 5.54978200e-01]
[4.00000000e+00 4.00000000e+00 1.04857600e+06 1.02400000e+03
 2.56000000e+02 6.07353768e-03 5.28622800e-01]
[4.00000000e+00 4.00000000e+00 1.04857600e+06 1.02400000e+03
 1.02400000e+03 9.51198978e-03 5.33852400e-01]
[4.00000000e+00 4.00000000e+00 1.04857600e+06 1.02400000e+03
 4.09600000e+03 9.47845227e-03 5.43914800e-01]
[4.00000000e+00 4.00000000e+00 1.04857600e+06 1.02400000e+03
 1.04857600e+06 2.44218878e-03 2.59574250e-01]
[4.00000000e+00 4.00000000e+00 1.04857600e+06 3.27680000e+04
 6.40000000e+01 1.79045548e-02 1.49002710e+01]
[4.00000000e+00 4.00000000e+00 1.04857600e+06 3.27680000e+04
 2.56000000e+02 5.62589221e-02 1.49322568e+01]
[4.00000000e+00 4.00000000e+00 1.04857600e+06 3.27680000e+04
 1.02400000e+03 2.75021816e-02 1.48730328e+01]
[4.00000000e+00 4.00000000e+00 1.04857600e+06 3.27680000e+04
 4.09600000e+03 2.21962261e-02 1.48343782e+01]
[4.00000000e+00 8.00000000e+00 1.02400000e+03 1.02400000e+03
 1.60000000e+01 4.10610862e-04 2.14600000e-03]
[4.00000000e+00 8.00000000e+00 1.02400000e+03 1.02400000e+03
 6.40000000e+01 6.32592128e-05 1.47740000e-03]
[4.0000000e+00 8.0000000e+00 1.0240000e+03 1.0240000e+03 2.5600000e+02
 2.7930362e-04 1.6098000e-03]
[4.00000000e+00 8.00000000e+00 1.02400000e+03 1.02400000e+03
 1.02400000e+03 4.08048566e-04 1.59520000e-03]
[4.00000000e+00 8.00000000e+00 1.02400000e+03 3.27680000e+04
 1.60000000e+01 6.59570685e-04 1.33006000e-02]
[4.00000000e+00 8.00000000e+00 1.02400000e+03 3.27680000e+04
 6.40000000e+01 3.21591965e-04 1.34972000e-02]
[4.00000000e+00 8.00000000e+00 1.02400000e+03 3.27680000e+04
 2.56000000e+02 4.81729169e-04 1.48782000e-02]
[4.00000000e+00 8.00000000e+00 1.02400000e+03 3.27680000e+04
 1.02400000e+03 2.43285071e-03 1.60240000e-02]
[4.00000000e+00 8.00000000e+00 1.02400000e+03 1.04857600e+06
 1.60000000e+01 6.60439806e-03 3.32350600e-01]
[4.00000000e+00 8.00000000e+00 1.02400000e+03 1.04857600e+06
 6.40000000e+01 6.54000603e-03 3.66804600e-01]
[4.00000000e+00 8.00000000e+00 1.02400000e+03 1.04857600e+06
 2.56000000e+02 1.14031918e-02 3.78913750e-01]
[4.00000000e+00 8.00000000e+00 1.02400000e+03 1.04857600e+06
 1.02400000e+03 1.09421978e-02 3.49327750e-01]
[4.00000000e+00 8.00000000e+00 3.27680000e+04 1.02400000e+03
 1.60000000e+01 8.77371301e-04 1.49000000e-02]
[4.00000000e+00 8.00000000e+00 3.27680000e+04 1.02400000e+03
 6.40000000e+01 5.14918013e-04 1.88240000e-02]
[4.00000000e+00 8.00000000e+00 3.27680000e+04 1.02400000e+03
 2.56000000e+02 1.36001734e-03 1.64754000e-02]
[4.0000000e+00 8.0000000e+00 3.2768000e+04 1.0240000e+03 1.0240000e+03
 7.4537019e-04 1.4707000e-02]
[4.00000000e+00 8.00000000e+00 3.27680000e+04 1.02400000e+03
 4.09600000e+03 6.83332622e-04 1.81032000e-02]
[4.0000000e+00 8.0000000e+00 3.2768000e+04 3.2768000e+04 1.6000000e+01
 1.2431984e-02 2.5436560e-01]
[4.0000000e+00 8.0000000e+00 3.2768000e+04 3.2768000e+04 6.4000000e+01
 3.7504086e-03 2.8785340e-01]
[4.00000000e+00 8.00000000e+00 3.27680000e+04 3.27680000e+04
 2.56000000e+02 5.89610738e-03 2.82731400e-01]
[4.00000000e+00 8.00000000e+00 3.27680000e+04 3.27680000e+04
 1.02400000e+03 5.91474025e-03 2.77923000e-01]
[4.00000000e+00 8.00000000e+00 3.27680000e+04 3.27680000e+04
 4.09600000e+03 8.13014773e-03 3.17397800e-01]
[4.00000000e+00 8.00000000e+00 3.27680000e+04 1.04857600e+06
 6.40000000e+01 5.04962262e-02 7.97434900e+00]
[4.00000000e+00 8.00000000e+00 3.27680000e+04 1.04857600e+06
 2.56000000e+02 4.60702104e-02 8.06520760e+00]
[4.000000e+00 8.000000e+00 3.276800e+04 1.048576e+06 1.024000e+03
 0.000000e+00 8.392335e+00]
[4.00000000e+00 8.00000000e+00 1.04857600e+06 1.02400000e+03
 1.60000000e+01 9.74434347e-03 2.79222200e-01]
[4.00000000e+00 8.00000000e+00 1.04857600e+06 1.02400000e+03
 6.40000000e+01 8.44219728e-03 3.26436000e-01]
[4.00000000e+00 8.00000000e+00 1.04857600e+06 1.02400000e+03
 2.56000000e+02 6.59586098e-03 3.24820000e-01]
[4.00000000e+00 8.00000000e+00 1.04857600e+06 1.02400000e+03
 1.02400000e+03 8.20362058e-03 3.23051600e-01]
[4.00000000e+00 8.00000000e+00 1.04857600e+06 1.02400000e+03
 4.09600000e+03 2.93125854e-03 3.11685000e-01]
[4.00000000e+00 8.00000000e+00 1.04857600e+06 1.02400000e+03
 1.04857600e+06 1.41733187e-03 2.44989000e-01]
[4.00000000e+00 8.00000000e+00 1.04857600e+06 3.27680000e+04
 6.40000000e+01 2.24035294e-01 7.97275380e+00]
[4.00000000e+00 8.00000000e+00 1.04857600e+06 3.27680000e+04
 2.56000000e+02 3.04840781e-01 8.15811560e+00]
[4.00000000e+00 8.00000000e+00 1.04857600e+06 3.27680000e+04
 1.02400000e+03 2.30457007e-01 7.99296020e+00]
[4.0000000e+00 8.0000000e+00 1.0485760e+06 3.2768000e+04 4.0960000e+03
 1.8132801e-01 8.1189766e+00]
[4.00000000e+00 8.00000000e+00 1.04857600e+06 1.04857600e+06
 4.09600000e+03 6.44245519e+00 6.73903265e+01]
[8.00000000e+00 2.00000000e+00 1.02400000e+03 1.02400000e+03
 1.60000000e+01 1.38321062e-03 3.01720000e-03]
[8.00000000e+00 2.00000000e+00 1.02400000e+03 1.02400000e+03
 6.40000000e+01 7.74195841e-05 1.64380000e-03]
[8.00000000e+00 2.00000000e+00 1.02400000e+03 1.02400000e+03
 2.56000000e+02 7.20913864e-05 1.57560000e-03]
[8.00000000e+00 2.00000000e+00 1.02400000e+03 1.02400000e+03
 1.02400000e+03 2.44108173e-05 1.18540000e-03]
[8.00000000e+00 2.00000000e+00 1.02400000e+03 3.27680000e+04
 1.60000000e+01 1.02824514e-03 1.59435000e-02]
[8.00000000e+00 2.00000000e+00 1.02400000e+03 3.27680000e+04
 6.40000000e+01 7.99932927e-04 1.93664000e-02]
[8.00000000e+00 2.00000000e+00 1.02400000e+03 3.27680000e+04
 2.56000000e+02 7.50351246e-04 1.83548000e-02]
[8.0000000e+00 2.0000000e+00 1.0240000e+03 3.2768000e+04 1.0240000e+03
 1.1692654e-03 1.2505600e-02]
[8.00000000e+00 2.00000000e+00 1.02400000e+03 1.04857600e+06
 1.60000000e+01 9.06234913e-03 4.52463600e-01]
[8.00000000e+00 2.00000000e+00 1.02400000e+03 1.04857600e+06
 6.40000000e+01 3.48230674e-03 5.35231000e-01]
[8.00000000e+00 2.00000000e+00 1.02400000e+03 1.04857600e+06
 2.56000000e+02 9.38954815e-03 5.65534800e-01]
[8.00000000e+00 2.00000000e+00 1.02400000e+03 1.04857600e+06
 1.02400000e+03 9.26261727e-03 2.31366600e-01]
[8.00000000e+00 2.00000000e+00 3.27680000e+04 1.02400000e+03
 1.60000000e+01 9.72904748e-04 1.81706000e-02]
[8.00000000e+00 2.00000000e+00 3.27680000e+04 1.02400000e+03
 6.40000000e+01 7.22907385e-04 2.05196000e-02]
[8.00000000e+00 2.00000000e+00 3.27680000e+04 1.02400000e+03
 2.56000000e+02 5.52804153e-04 2.05632000e-02]
[8.0000000e+00 2.0000000e+00 3.2768000e+04 1.0240000e+03 1.0240000e+03
 7.6929443e-04 2.2636000e-02]
[8.00000000e+00 2.00000000e+00 3.27680000e+04 1.02400000e+03
 4.09600000e+03 1.24426098e-03 2.28682000e-02]
[8.00000000e+00 2.00000000e+00 3.27680000e+04 3.27680000e+04
 1.60000000e+01 1.35621044e-02 4.15259000e-01]
[8.00000000e+00 2.00000000e+00 3.27680000e+04 3.27680000e+04
 6.40000000e+01 1.00237057e-02 5.04788400e-01]
[8.00000000e+00 2.00000000e+00 3.27680000e+04 3.27680000e+04
 2.56000000e+02 1.48580017e-02 5.21526200e-01]
[8.00000000e+00 2.00000000e+00 3.27680000e+04 3.27680000e+04
 1.02400000e+03 1.58152983e-02 5.20971600e-01]
[8.00000000e+00 2.00000000e+00 3.27680000e+04 3.27680000e+04
 4.09600000e+03 1.70943104e-02 5.53054600e-01]
[8.000000e+00 2.000000e+00 3.276800e+04 1.048576e+06 1.600000e+01
 0.000000e+00 6.038644e+00]
[8.00000000e+00 2.00000000e+00 3.27680000e+04 1.04857600e+06
 6.40000000e+01 4.57158609e-01 1.59578570e+01]
[8.00000000e+00 2.00000000e+00 3.27680000e+04 1.04857600e+06
 2.56000000e+02 5.26416795e-01 1.61810726e+01]
[8.00000000e+00 2.00000000e+00 1.04857600e+06 1.02400000e+03
 1.60000000e+01 6.08754126e-03 3.97637000e-01]
[8.0000000e+00 2.0000000e+00 1.0485760e+06 1.0240000e+03 6.4000000e+01
 1.6836958e-02 5.8157080e-01]
[8.00000000e+00 2.00000000e+00 1.04857600e+06 1.02400000e+03
 2.56000000e+02 2.03514629e-02 5.70879600e-01]
[8.0000000e+00 2.0000000e+00 1.0485760e+06 1.0240000e+03 1.0240000e+03
 1.7634035e-02 5.7540460e-01]
[8.00000000e+00 2.00000000e+00 1.04857600e+06 1.02400000e+03
 4.09600000e+03 1.72653724e-02 5.79103000e-01]
[8.00000000e+00 2.00000000e+00 1.04857600e+06 1.02400000e+03
 1.04857600e+06 4.27270381e-03 2.09805000e-01]
[8.00000000e+00 2.00000000e+00 1.04857600e+06 3.27680000e+04
 6.40000000e+01 7.32297303e-02 1.52794688e+01]
[8.00000000e+00 2.00000000e+00 1.04857600e+06 3.27680000e+04
 2.56000000e+02 2.87073751e-02 1.52645554e+01]
[8.00000000e+00 2.00000000e+00 1.04857600e+06 3.27680000e+04
 1.02400000e+03 7.17109756e-02 1.53008338e+01]
[8.00000000e+00 2.00000000e+00 1.04857600e+06 3.27680000e+04
 4.09600000e+03 6.11278092e-02 1.53823530e+01]
[8.00000000e+00 4.00000000e+00 1.02400000e+03 1.02400000e+03
 1.60000000e+01 3.13159384e-05 1.30260000e-03]
[8.00000000e+00 4.00000000e+00 1.02400000e+03 1.02400000e+03
 6.40000000e+01 4.97942969e-05 1.35220000e-03]
[8.00000000e+00 4.00000000e+00 1.02400000e+03 1.02400000e+03
 2.56000000e+02 3.22137859e-05 1.34460000e-03]
[8.00000000e+00 4.00000000e+00 1.02400000e+03 1.02400000e+03
 1.02400000e+03 8.81947844e-05 1.19600000e-03]
[8.00000000e+00 4.00000000e+00 1.02400000e+03 3.27680000e+04
 1.60000000e+01 5.17587434e-04 1.07608000e-02]
[8.00000000e+00 4.00000000e+00 1.02400000e+03 3.27680000e+04
 6.40000000e+01 8.13150053e-04 1.26516000e-02]
[8.00000000e+00 4.00000000e+00 1.02400000e+03 3.27680000e+04
 2.56000000e+02 1.25453226e-04 1.18762000e-02]
[8.00000000e+00 4.00000000e+00 1.02400000e+03 3.27680000e+04
 1.02400000e+03 5.22681961e-04 1.44562000e-02]
[8.00000000e+00 4.00000000e+00 1.02400000e+03 1.04857600e+06
 1.60000000e+01 4.43304499e-03 2.39991200e-01]
[8.00000000e+00 4.00000000e+00 1.02400000e+03 1.04857600e+06
 6.40000000e+01 3.46783296e-03 2.69358600e-01]
[8.00000000e+00 4.00000000e+00 1.02400000e+03 1.04857600e+06
 2.56000000e+02 1.06907666e-02 2.90057000e-01]
[8.00000000e+00 4.00000000e+00 1.02400000e+03 1.04857600e+06
 1.02400000e+03 1.72578643e-02 2.15240750e-01]
[8.0000000e+00 4.0000000e+00 1.0240000e+03 3.3554432e+07 1.6000000e+01
 0.0000000e+00 1.8328493e+01]
[8.00000000e+00 4.00000000e+00 3.27680000e+04 1.02400000e+03
 1.60000000e+01 1.22516742e-04 1.22148000e-02]
[8.0000000e+00 4.0000000e+00 3.2768000e+04 1.0240000e+03 6.4000000e+01
 2.7028468e-04 1.4143400e-02]
[8.00000000e+00 4.00000000e+00 3.27680000e+04 1.02400000e+03
 2.56000000e+02 9.89987168e-04 1.49248000e-02]
[8.00000000e+00 4.00000000e+00 3.27680000e+04 1.02400000e+03
 1.02400000e+03 1.39736151e-04 1.39248000e-02]
[8.00000000e+00 4.00000000e+00 3.27680000e+04 1.02400000e+03
 4.09600000e+03 4.05488348e-05 1.41726000e-02]
[8.00000000e+00 4.00000000e+00 3.27680000e+04 3.27680000e+04
 1.60000000e+01 2.15507898e-03 2.14050200e-01]
[8.00000000e+00 4.00000000e+00 3.27680000e+04 3.27680000e+04
 6.40000000e+01 5.61900877e-03 2.81431600e-01]
[8.00000000e+00 4.00000000e+00 3.27680000e+04 3.27680000e+04
 2.56000000e+02 3.06867143e-03 2.78311200e-01]
[8.00000000e+00 4.00000000e+00 3.27680000e+04 3.27680000e+04
 1.02400000e+03 9.84646933e-03 2.62182800e-01]
[8.00000000e+00 4.00000000e+00 3.27680000e+04 3.27680000e+04
 4.09600000e+03 6.30086296e-03 2.84516400e-01]
[8.00000000e+00 4.00000000e+00 3.27680000e+04 1.04857600e+06
 6.40000000e+01 1.37772413e-02 7.63274560e+00]
[8.00000000e+00 4.00000000e+00 3.27680000e+04 1.04857600e+06
 2.56000000e+02 5.00464694e-02 7.64882000e+00]
[8.000000e+00 4.000000e+00 3.276800e+04 1.048576e+06 1.024000e+03
 0.000000e+00 7.839937e+00]
[8.00000000e+00 4.00000000e+00 3.27680000e+04 3.35544320e+07
 2.56000000e+02 2.48197167e+00 8.98070890e+01]
[8.00000000e+00 4.00000000e+00 1.04857600e+06 1.02400000e+03
 1.60000000e+01 4.93286713e-03 2.44437000e-01]
[8.00000000e+00 4.00000000e+00 1.04857600e+06 1.02400000e+03
 6.40000000e+01 2.57576256e-03 3.40129800e-01]
[8.0000000e+00 4.0000000e+00 1.0485760e+06 1.0240000e+03 2.5600000e+02
 4.4676535e-03 3.2293800e-01]
[8.00000000e+00 4.00000000e+00 1.04857600e+06 1.02400000e+03
 1.02400000e+03 4.24749127e-03 3.22838200e-01]
[8.0000000e+00 4.0000000e+00 1.0485760e+06 1.0240000e+03 4.0960000e+03
 3.6855778e-02 3.6155300e-01]
[8.00000000e+00 4.00000000e+00 1.04857600e+06 1.02400000e+03
 1.04857600e+06 1.92693004e-03 1.60009200e-01]
[8.00000000e+00 4.00000000e+00 1.04857600e+06 3.27680000e+04
 1.60000000e+01 4.56737948e-02 2.10871350e+00]
[8.00000000e+00 4.00000000e+00 1.04857600e+06 3.27680000e+04
 6.40000000e+01 1.44102263e-01 7.83478080e+00]
[8.00000000e+00 4.00000000e+00 1.04857600e+06 3.27680000e+04
 2.56000000e+02 4.94530632e-02 7.61617020e+00]
[8.00000000e+00 4.00000000e+00 1.04857600e+06 3.27680000e+04
 1.02400000e+03 5.55737218e-02 7.65778700e+00]
[8.00000000e+00 4.00000000e+00 1.04857600e+06 3.27680000e+04
 4.09600000e+03 2.64415716e-02 7.50736020e+00]
[8.00000000e+00 8.00000000e+00 1.02400000e+03 1.02400000e+03
 1.60000000e+01 2.88934595e-05 1.46320000e-03]
[8.00000000e+00 8.00000000e+00 1.02400000e+03 1.02400000e+03
 6.40000000e+01 1.50713131e-04 1.67940000e-03]
[8.00000000e+00 8.00000000e+00 1.02400000e+03 1.02400000e+03
 2.56000000e+02 4.23030968e-05 1.44820000e-03]
[8.00000000e+00 8.00000000e+00 1.02400000e+03 1.02400000e+03
 1.02400000e+03 2.95194905e-04 1.80720000e-03]
[8.00000000e+00 8.00000000e+00 1.02400000e+03 3.27680000e+04
 1.60000000e+01 4.28165669e-04 9.47200000e-03]
[8.00000000e+00 8.00000000e+00 1.02400000e+03 3.27680000e+04
 6.40000000e+01 6.13454063e-04 1.04636000e-02]
[8.00000000e+00 8.00000000e+00 1.02400000e+03 3.27680000e+04
 2.56000000e+02 5.89966277e-04 9.91840000e-03]
[8.00000000e+00 8.00000000e+00 1.02400000e+03 3.27680000e+04
 1.02400000e+03 1.67159999e-03 1.34078000e-02]
[8.0000000e+00 8.0000000e+00 1.0240000e+03 1.0485760e+06 1.6000000e+01
 4.3558744e-03 2.0141080e-01]
[8.00000000e+00 8.00000000e+00 1.02400000e+03 1.04857600e+06
 6.40000000e+01 5.55846516e-03 2.22383000e-01]
[8.00000000e+00 8.00000000e+00 1.02400000e+03 1.04857600e+06
 2.56000000e+02 1.05530501e-02 2.50653200e-01]
[8.00000000e+00 8.00000000e+00 1.02400000e+03 1.04857600e+06
 1.02400000e+03 2.46603144e-02 2.27772600e-01]
[8.00000000e+00 8.00000000e+00 1.02400000e+03 3.35544320e+07
 6.40000000e+01 9.77409326e-02 6.19163500e+00]
[8.00000000e+00 8.00000000e+00 3.27680000e+04 1.02400000e+03
 1.60000000e+01 1.95165007e-02 3.57806500e-01]
[8.00000000e+00 8.00000000e+00 3.27680000e+04 1.02400000e+03
 6.40000000e+01 4.31381098e-02 3.66345500e-01]
[8.00000000e+00 8.00000000e+00 3.27680000e+04 1.02400000e+03
 2.56000000e+02 2.28399026e-02 3.64078500e-01]
[8.00000000e+00 8.00000000e+00 3.27680000e+04 1.02400000e+03
 1.02400000e+03 7.48833152e-02 3.08364000e-01]
[8.00000000e+00 8.00000000e+00 3.27680000e+04 1.02400000e+03
 4.09600000e+03 1.25743738e-01 2.11541500e-01]
[8.00000e+00 8.00000e+00 3.27680e+04 3.27680e+04 1.60000e+01 0.00000e+00
 3.78448e-01]
[8.00000e+00 8.00000e+00 3.27680e+04 3.27680e+04 6.40000e+01 0.00000e+00
 3.94338e-01]
[8.00000e+00 8.00000e+00 3.27680e+04 3.27680e+04 2.56000e+02 0.00000e+00
 3.32565e-01]
[8.0000000e+00 8.0000000e+00 3.2768000e+04 3.2768000e+04 1.0240000e+03
 3.1519108e-01 7.2200250e-01]
[8.00000e+00 8.00000e+00 3.27680e+04 3.27680e+04 4.09600e+03 0.00000e+00
 3.69962e-01]
[8.000000e+00 8.000000e+00 1.048576e+06 1.024000e+03 6.400000e+01
 0.000000e+00 6.051820e-01]
[8.000000e+00 8.000000e+00 1.048576e+06 1.024000e+03 2.560000e+02
 1.009501e-02 6.699935e-01]
[8.00000000e+00 8.00000000e+00 1.04857600e+06 1.02400000e+03
 1.02400000e+03 3.26156538e-02 6.68807500e-01]
[8.00000000e+00 8.00000000e+00 1.04857600e+06 1.02400000e+03
 4.09600000e+03 6.81226673e-03 7.36430000e-01]
[8.00000000e+00 8.00000000e+00 1.04857600e+06 3.27680000e+04
 6.40000000e+01 4.59859824e-02 1.61744400e+00]
[8.00000000e+00 8.00000000e+00 1.04857600e+06 3.27680000e+04
 1.02400000e+03 9.56655371e-02 1.87805550e+00]